(57,0.9576380929491543)
(24,0.9682305576227791)
(72,0.9784487439668543)
(36,0.9847884706681822)
(8,0.98586303591008)
(71,0.987450461238508)
(14,0.987450461238508)
(5,0.9889605399860835)
(11,0.9923228559829016)
(76,0.9937586399908478)
(65,0.9950291748046618)
(51,0.9966775010329069)
(12,0.9977341209394298)
(88,1.0000545944945967)
(13,1.0022761923186083)
(52,1.0045708625596124)
(48,1.007105787382091)
(95,1.0155239986890754)
(1,1.0211191272399471)
(68,1.029168324180905)
(10,1.0311442343737227)
(41,1.0319501416693464)
(93,1.0389132903043428)
(32,1.0401943867804373)
(31,1.04431715526216)
(4,1.047368296288653)
(86,1.0494737435209656)
(29,1.0499230444903738)
(77,1.0521630662922243)
(21,1.0536199420072563)
(53,1.056945479734461)
(50,1.0596920401629637)
(28,1.0646499512753502)
(78,1.067599389475091)
(2,1.0710197633618597)
(40,1.071756332422326)
(20,1.0792799764025889)
(59,1.0923980210603448)
(42,1.0935357857049217)
(84,1.095536694054742)
(82,1.0958073104929975)
(81,1.099728189068925)
(45,1.1158214025005977)
(90,1.1224544345596783)
(54,1.1246289347073644)
(17,1.1288569040708416)
(69,1.1336727372643742)
(9,1.1362894513352129)
(67,1.1395802944660864)
(60,1.1428589991851035)
(22,1.143879674083715)
(39,1.1488336463466406)
(37,1.1503777578891747)
(63,1.1513213362089547)
(44,1.1551739562497596)
(91,1.1582722656082494)
(3,1.1586381235311967)
(55,1.1614418836900606)
(15,1.1622975007402667)
(89,1.1675018852209105)
(92,1.1676606600236703)
(56,1.167799838510479)
(61,1.1706174373912583)
(30,1.1788936650627904)
(25,1.183084744485849)
(38,1.1843860134603739)
(35,1.1933639502789763)
(46,1.1947071794076587)
(26,1.1959796421822593)
(97,1.1971019246710102)
(80,1.1979695511376622)
(18,1.1983299560429268)
(98,1.2048000542094361)
(85,1.2229519976858485)
(73,1.230427377701958)
(64,1.2338871904381006)
(19,1.234879707250954)
(94,1.2419287223859294)
(79,1.2463603553559548)
(23,1.248668764232042)
(49,1.2633008545553188)
(87,1.2652651969404531)
(7,1.2667093578962336)
(43,1.2673029693887232)
(83,1.2727291761007218)
(75,1.280403054384489)
(34,1.284514034570224)
(16,1.3060906970062391)
(47,1.3431368571650868)
(6,1.3515452339388148)
(27,1.3696578814164388)
(96,1.3768971082056278)
(62,1.4122332403996176)
(58,1.4535666565097098)
(74,1.5830702697410817)
(70,1.6894770871152844)
(0,1.880804102194231)
(99,5.501674763579686)
(66,7.413203663024587)
(33,7.638042215118783)
