(15,0.9583256581465618)
(2,0.9627750392926252)
(17,0.9820418250526005)
(22,0.9820896881422)
(11,0.9838106344955433)
(8,0.9838106344955433)
(13,0.9867738735273394)
(18,0.9879601434741183)
(9,1.0002384264940802)
(28,1.0241602757388504)
(36,1.0257236291901715)
(14,1.0392599445976125)
(10,1.0439618449701278)
(6,1.0629270486084228)
(30,1.0719286587914032)
(21,1.075540350120106)
(29,1.079157983254569)
(35,1.0910956211544098)
(32,1.1161873271571112)
(24,1.12316394708072)
(39,1.1359374687684585)
(4,1.149470933811709)
(33,1.1564795523202227)
(26,1.1762231922114654)
(7,1.218765395971756)
(5,1.2242053506417525)
(12,1.230343540476623)
(23,1.2335485656241016)
(37,1.2453922112374365)
(1,1.2704396398216686)
(3,1.272502543873348)
(19,1.3199592604756334)
(27,1.3241942935137003)
(16,1.3367328388004336)
(38,1.3745551125762305)
(25,1.3943231950566466)
(31,1.4340070961359532)
(34,1.8106186225203014)
(0,3.314518099242167)
(20,6.055779104620731)
