(7,0.9509466070606284)
(2,0.9558671082915426)
(15,0.961151206588814)
(6,0.9619661472717306)
(12,0.9727002779764415)
(10,0.9843027935583417)
(28,0.9977689169955863)
(37,0.9997188079647328)
(17,1.0011878064144952)
(8,1.005110630488586)
(22,1.0170839049319713)
(11,1.0173443251233616)
(13,1.022165904980973)
(18,1.0237487739146631)
(9,1.0251010734795614)
(14,1.0274682241135742)
(19,1.0339011007676482)
(4,1.053872155458684)
(29,1.060212431421223)
(32,1.156410011385897)
(23,1.1662498895304412)
(21,1.1697792589870954)
(24,1.179538815535615)
(5,1.1839921050841988)
(3,1.19955831173106)
(30,1.2148262334479698)
(36,1.2199575111251322)
(33,1.2242770605767697)
(35,1.2376760722940245)
(26,1.2634920105392784)
(25,1.2701413853684043)
(16,1.2712424718847695)
(1,1.2722495456010763)
(38,1.3115145742488923)
(39,1.3625070503803656)
(31,1.3885187410207291)
(27,1.4286797077265747)
(34,1.6584516189217477)
(0,3.468837406359229)
(20,6.133223062699076)
