(586,0.9728476434821288)
(614,0.9859820304551494)
(168,0.9889281604515868)
(167,0.989438470595919)
(158,0.9895954384327958)
(302,0.9903435240185686)
(916,1.0002385575938666)
(125,1.0002385575938666)
(898,1.0018904065953562)
(616,1.0047644531427729)
(270,1.0085976174671225)
(717,1.0150458446065926)
(19,1.0158942108753515)
(71,1.0399842703579636)
(716,1.0465892043425635)
(651,1.0621062247308743)
(241,1.0689268252708477)
(30,1.0711067299506367)
(130,1.0737564114103166)
(253,1.0741365823402447)
(688,1.0766170335863647)
(156,1.0828004211641173)
(942,1.0850991163804042)
(526,1.0874431977474421)
(465,1.0985516888149822)
(793,1.0998613093224459)
(443,1.1024347129635212)
(694,1.106311154369954)
(280,1.1073174432299742)
(157,1.1139977207448732)
(841,1.1165533263646619)
(995,1.1267514766294038)
(128,1.1310801038165477)
(31,1.1317341730797752)
(28,1.143193589549725)
(615,1.1433068686802377)
(961,1.144342889100452)
(677,1.144861629914125)
(150,1.1455374548123942)
(175,1.147190216247777)
(485,1.1510983887669552)
(856,1.1523805266394247)
(359,1.1554924888583527)
(478,1.1567531299008322)
(505,1.1631961934277284)
(101,1.1651549413719438)
(981,1.1653238599811495)
(741,1.1672931740424082)
(500,1.1729010283882193)
(871,1.1756410627201055)
(686,1.175734254934625)
(458,1.1764485481017877)
(830,1.1790641372162742)
(767,1.183311829454771)
(32,1.1835713245624382)
(136,1.1840525381545441)
(205,1.1896687712444822)
(126,1.1917539466472258)
(514,1.1920611728510715)
(194,1.1926032511706823)
(504,1.1939095693056574)
(42,1.1942782783760706)
(598,1.194508715256189)
(685,1.1972997957822964)
(784,1.200055613025164)
(831,1.2007806483878611)
(513,1.2022926891823287)
(486,1.203809238721925)
(980,1.203820424771515)
(680,1.2051811846880927)
(779,1.2059367952136797)
(968,1.206748513278784)
(91,1.2071194313732472)
(580,1.2087254935528706)
(832,1.2094071836530598)
(820,1.2105156987078793)
(948,1.2111048067232089)
(389,1.2125368652561705)
(879,1.2125731075599113)
(711,1.213354209791486)
(592,1.2139641702036217)
(527,1.2141326416335831)
(410,1.2151724613141046)
(749,1.2179028970921661)
(340,1.2182995192409884)
(82,1.2183933776662086)
(63,1.2188744841724157)
(197,1.2215389961512846)
(220,1.2229565069349966)
(75,1.2248468906417718)
(766,1.2256668476698596)
(464,1.2267281856866838)
(817,1.2267983850560429)
(237,1.2268385758103557)
(966,1.2283909046854153)
(575,1.2284000077250259)
(646,1.229530970066141)
(442,1.2300441997431057)
(605,1.2301653778222421)
(581,1.23026635411904)
(640,1.2306937288646829)
(282,1.2334613859932957)
(602,1.233848988793363)
(23,1.234610356225833)
(316,1.2358931711228995)
(589,1.2366110041673941)
(907,1.237712328373494)
(865,1.2381837444368216)
(644,1.2383998917722818)
(446,1.2391549585391395)
(558,1.2393778264565158)
(310,1.2402896296803496)
(232,1.240863626798775)
(593,1.2409290102831445)
(54,1.2410490717314715)
(658,1.2421377216509424)
(404,1.2421693242042224)
(731,1.2437910907708156)
(195,1.2438017712336764)
(989,1.245350771995587)
(113,1.245745513156839)
(920,1.2469163354483215)
(909,1.247096732551135)
(466,1.2470974755513493)
(300,1.2474845711425904)
(344,1.2477626779694233)
(699,1.2479521874115265)
(671,1.2484961508834278)
(64,1.2486030458838977)
(361,1.2490668921203214)
(191,1.2490878436281063)
(129,1.249147193389122)
(311,1.2497038563827216)
(266,1.2500714050714354)
(748,1.2512819839403722)
(25,1.2514788845527312)
(536,1.252419602316859)
(818,1.2531755994751534)
(781,1.2532893171993305)
(333,1.2540362204686508)
(812,1.254110567725938)
(244,1.2545462801179503)
(76,1.255727478292149)
(778,1.2561369120576764)
(182,1.2562885789090321)
(809,1.2568899338250106)
(178,1.2570916024736178)
(938,1.2572285604085816)
(529,1.2573992885608332)
(386,1.2574108937101736)
(828,1.2577923936801385)
(426,1.2586040060212824)
(687,1.2588880466822194)
(55,1.259054956850628)
(534,1.2591397174622936)
(857,1.2592332299877433)
(3,1.2592382932052164)
(307,1.2593500677466642)
(77,1.2599829174023105)
(222,1.260234672885829)
(7,1.2610401913452756)
(937,1.261320392448616)
(98,1.2615379407395446)
(133,1.2618512190589886)
(567,1.2619611184124309)
(217,1.2621061912519609)
(148,1.2622991205134706)
(753,1.2628725887711123)
(332,1.262906470253349)
(272,1.262995820769451)
(105,1.2631788148474807)
(613,1.2633188770154156)
(553,1.2636369234056506)
(745,1.263900059770701)
(708,1.2641780951190966)
(525,1.2646545213732334)
(21,1.2648779072517622)
(103,1.2649074083594662)
(816,1.2651438389506742)
(138,1.2658175834677377)
(774,1.265822261971419)
(291,1.2660645199012104)
(608,1.266086706550709)
(4,1.2665526299096612)
(983,1.2665539841813158)
(518,1.2665705325584344)
(933,1.2665743125447984)
(619,1.26781011448926)
(356,1.2679784331990402)
(959,1.2683831740857034)
(584,1.2694284414053028)
(183,1.2694650721083072)
(174,1.2704499719620956)
(636,1.2705780632429446)
(834,1.2706163185804884)
(342,1.270915603632992)
(78,1.2709233771289068)
(665,1.2709891806317148)
(1,1.2718839898547514)
(475,1.2718986017780562)
(796,1.2718995086190505)
(274,1.2729863426326666)
(164,1.2731459846805666)
(370,1.273222245305169)
(116,1.2733254299989845)
(229,1.2735049710023933)
(206,1.2736515673537474)
(906,1.2737116193128273)
(142,1.274251811821224)
(872,1.2743747785653052)
(22,1.2744471941212907)
(313,1.274794516916425)
(945,1.2750995610259064)
(896,1.2751508330738082)
(430,1.2752582219923851)
(155,1.2752684483957915)
(261,1.2754340334694039)
(61,1.2756788802253614)
(338,1.275709082612999)
(610,1.27576032029522)
(838,1.2759837284590432)
(958,1.2760201837654266)
(85,1.2760813432117741)
(159,1.2764784788405958)
(122,1.2771108671584053)
(187,1.2775666176536893)
(752,1.27757453625886)
(692,1.277820543862642)
(881,1.277857313847491)
(715,1.2779084453170624)
(764,1.2779554382488278)
(821,1.278139073635624)
(498,1.2782070991808439)
(833,1.2785845193943688)
(259,1.2792761877289507)
(663,1.2796588560996371)
(435,1.2796979917833597)
(57,1.2797070191470312)
(510,1.279862569717545)
(859,1.2801438390520665)
(732,1.2805379584326)
(538,1.2805966095092722)
(185,1.2806651695660571)
(154,1.2807753081077524)
(447,1.2808473958756792)
(172,1.281069057976752)
(845,1.281178145588046)
(87,1.281309172552649)
(991,1.2817484507710126)
(806,1.282059840474241)
(181,1.2823778819123612)
(387,1.282498148541168)
(369,1.2833887000184399)
(209,1.2837601298012657)
(988,1.283764540179128)
(345,1.2838303675349698)
(283,1.283854458876494)
(696,1.2839772499274633)
(322,1.2844263767833388)
(20,1.2850857027351592)
(295,1.285142159398682)
(405,1.2853433474973597)
(827,1.285392363004553)
(595,1.2857564789643965)
(438,1.285797036728369)
(826,1.2859306274961233)
(695,1.2862159899518324)
(517,1.286468104122897)
(70,1.2865026345507549)
(251,1.2866132966648207)
(305,1.2866367532750134)
(652,1.286742150004269)
(890,1.2869535701299888)
(477,1.2871158386132908)
(351,1.2871985387469778)
(463,1.2872522873854195)
(802,1.2872543327979071)
(306,1.2874344851266184)
(815,1.287455467002674)
(926,1.287619487189046)
(457,1.2877596605288963)
(664,1.2879245821507226)
(862,1.2881092368091085)
(6,1.2882334968001363)
(630,1.2882993532588376)
(982,1.2883206576339354)
(38,1.2884894590719453)
(497,1.2885192225995847)
(848,1.2886077912996372)
(145,1.2887700876923096)
(431,1.2888498469697562)
(675,1.2888565995041332)
(383,1.288942263199216)
(548,1.2889758602346608)
(655,1.2891519149267179)
(323,1.289573836004907)
(210,1.2896886329250221)
(912,1.2902823348228702)
(587,1.2903936848023188)
(394,1.2904613154954385)
(134,1.2904934633842187)
(780,1.290714816007843)
(492,1.2907346215663351)
(742,1.2907948897486055)
(366,1.290815071864968)
(110,1.2910577285346754)
(315,1.291326195988619)
(357,1.2915444618930905)
(769,1.2916567152777791)
(18,1.291703372292851)
(674,1.2917341795421844)
(555,1.291767604020844)
(596,1.2918997617771582)
(100,1.2923165297868853)
(166,1.2923806794309682)
(152,1.2925559503384836)
(299,1.2927111943239822)
(606,1.2927514745172217)
(669,1.2928316330861163)
(471,1.2928643076713244)
(579,1.293225503132327)
(657,1.293268893141459)
(897,1.2932710744422886)
(51,1.2938644950139941)
(645,1.2944055798984897)
(120,1.2944803199733956)
(571,1.294663290675454)
(414,1.2947561274430714)
(877,1.2948728365338031)
(448,1.295044427418314)
(432,1.2952792178052628)
(127,1.2954351515527156)
(642,1.2956581039355122)
(712,1.2960157406109798)
(496,1.2962088304768487)
(868,1.296244001057988)
(41,1.2963999898980567)
(73,1.2964946950385767)
(562,1.2965277208692776)
(121,1.2966536598970164)
(355,1.2966606085157288)
(522,1.2966814543623206)
(364,1.2968499268153777)
(362,1.2969562955851714)
(69,1.2969946527156566)
(931,1.2970993936496231)
(728,1.2971389383178158)
(334,1.297164930436102)
(304,1.2973512591592309)
(725,1.297470703343753)
(875,1.2975234218562142)
(855,1.2977078703747522)
(16,1.297708049606319)
(445,1.2979785522312148)
(491,1.2980969283533113)
(795,1.2981671760158966)
(489,1.2982068033758085)
(286,1.2982996947743644)
(303,1.2986019530802706)
(597,1.2986083478445698)
(189,1.2989500683552602)
(993,1.29895175789427)
(188,1.2990854876953544)
(13,1.2994988448441411)
(472,1.2995241428178017)
(925,1.299525866798829)
(544,1.299751992219875)
(481,1.2997768399228626)
(539,1.3001531419060974)
(776,1.3002449551159365)
(56,1.3005758685925013)
(822,1.3006906669245097)
(502,1.30083154029287)
(249,1.3009252630578392)
(459,1.301228894876048)
(2,1.3012952071016157)
(979,1.3015274884893457)
(118,1.301672984038465)
(738,1.3017787873665638)
(873,1.3020187340461924)
(892,1.302138775239017)
(401,1.3022117502701507)
(213,1.3023059570591866)
(878,1.3023525170196304)
(17,1.3025564896798258)
(375,1.302571861687347)
(388,1.3026049440515575)
(703,1.3030740723984295)
(240,1.3032457814633183)
(888,1.3034951481510424)
(309,1.3035736378904719)
(836,1.3038529087142365)
(810,1.304253443689244)
(26,1.3043130060817354)
(490,1.3045040260715106)
(106,1.3045516630501524)
(576,1.3047060759920261)
(956,1.3047372207903007)
(139,1.3048335692601671)
(805,1.3048498840633762)
(955,1.3049545798146471)
(413,1.3050196742772047)
(631,1.305193386010307)
(109,1.3052919717226252)
(697,1.3053786800502556)
(537,1.3055342937436263)
(564,1.3055688643403516)
(296,1.3058517263409988)
(376,1.3059149092080473)
(941,1.305957391650664)
(853,1.3059778602211398)
(572,1.3062192282278067)
(242,1.3062861209852048)
(876,1.3063526146234736)
(321,1.3063570891357446)
(284,1.3063774966005448)
(97,1.306500136964579)
(269,1.3065512024443076)
(102,1.306616658916149)
(461,1.306686081157143)
(739,1.3067999300296027)
(913,1.3070009915624328)
(970,1.3071365950916782)
(722,1.3071722948930418)
(488,1.3072469682980281)
(750,1.3072663357714263)
(569,1.3072965404401267)
(275,1.3073213450788417)
(317,1.3073810603452962)
(940,1.3075143452787445)
(922,1.3075541540038647)
(81,1.3075581479351006)
(385,1.307680445655041)
(9,1.3083189842331093)
(724,1.308536688001623)
(484,1.3086218241794039)
(428,1.3088310539509262)
(813,1.3093432571865031)
(785,1.309416342751806)
(287,1.3094546360790584)
(452,1.3094788372203279)
(908,1.3099884466888685)
(418,1.310030164530924)
(760,1.3101606611968124)
(585,1.3102811632440088)
(256,1.3105653201553904)
(417,1.3105819764128304)
(934,1.310646108326816)
(975,1.310655344527979)
(318,1.3107242692404224)
(236,1.3108962858523963)
(331,1.3109815025012346)
(679,1.3111044697599399)
(740,1.3111872445299775)
(918,1.3112223651492314)
(902,1.3112358546267724)
(943,1.3114413498375923)
(301,1.3116228430796195)
(788,1.3117979882657127)
(146,1.311821235501774)
(354,1.3119162538172937)
(15,1.3119420242867972)
(720,1.3123031567304406)
(493,1.3123925951468969)
(368,1.3125276018829413)
(239,1.3125956798607674)
(381,1.3126744469245206)
(399,1.3128964355653434)
(233,1.312987024545686)
(929,1.3129873848006384)
(108,1.3130109514259016)
(900,1.3130634852594747)
(515,1.313165980323594)
(659,1.3132205203285634)
(171,1.3132368823194511)
(516,1.3132707196347537)
(329,1.3135951518320048)
(436,1.3136413478844076)
(701,1.3136509375877805)
(839,1.3140954758340546)
(843,1.314097113018654)
(5,1.3142104111763204)
(887,1.314305785276276)
(46,1.3143776220934802)
(499,1.3152757098435808)
(112,1.3152946401854035)
(691,1.3156158512130198)
(814,1.315914259964396)
(524,1.3159539294732483)
(719,1.3161114363521733)
(578,1.3162301479621643)
(668,1.3162541302248967)
(803,1.316255976935247)
(520,1.3162863458562741)
(90,1.3166172483153888)
(946,1.3167441050411046)
(252,1.3168075863547102)
(997,1.3168506410127996)
(730,1.3169272302287165)
(247,1.3171897235542147)
(348,1.317305833079797)
(512,1.317440704836148)
(786,1.317579518771846)
(271,1.3181282049395415)
(751,1.3182395114334031)
(840,1.3183540602578054)
(422,1.3183866743850747)
(80,1.318433704359544)
(398,1.3187036948345083)
(965,1.3191297720038806)
(543,1.3192462123512412)
(992,1.3192979051573885)
(216,1.3193452589582753)
(790,1.3196846683551455)
(643,1.3197256174875827)
(974,1.3197517742120095)
(250,1.3197999592388843)
(408,1.3201989694635314)
(131,1.3205657329321394)
(479,1.3206525033941234)
(276,1.3208204280233977)
(35,1.3209517890372444)
(895,1.3209563659612915)
(811,1.3209728616476075)
(92,1.3211303401997443)
(27,1.3211338370545667)
(523,1.3211511027222897)
(799,1.321350581198353)
(221,1.3213947029460416)
(494,1.3214626273135357)
(163,1.321505565025913)
(212,1.322038285868576)
(434,1.3224065401886278)
(107,1.3224164164794987)
(620,1.3227403644780102)
(53,1.3228979512892343)
(380,1.3229092594258829)
(670,1.3230486884584753)
(467,1.3230603679077253)
(772,1.323104184571829)
(473,1.3233017731845405)
(837,1.3233439248206311)
(951,1.3238904058330687)
(625,1.3240320421045713)
(884,1.3241203462585949)
(96,1.3241575942260697)
(238,1.3242223806761102)
(889,1.3243322770197223)
(641,1.324419880818356)
(192,1.3245052059595934)
(349,1.3245739490909256)
(617,1.324645721115226)
(501,1.3246689787401336)
(568,1.3248778262367804)
(747,1.32503549096575)
(36,1.3250390181555174)
(801,1.3251471364977467)
(915,1.3253569717142217)
(255,1.325646338440888)
(83,1.3256946580060063)
(65,1.3257280411658743)
(176,1.3257418205484952)
(798,1.3259567180311598)
(257,1.3260612584747415)
(68,1.3261229154256486)
(243,1.326200570672409)
(618,1.3262022222337588)
(565,1.3263917084758141)
(601,1.3264964595232271)
(603,1.326515658776476)
(800,1.326520572296974)
(638,1.3265794963575115)
(963,1.326649311500884)
(927,1.3268773806032306)
(312,1.3271983833842416)
(358,1.3273192374121192)
(649,1.3274789242740177)
(962,1.3274875249953615)
(678,1.3276089983745731)
(954,1.3280102181991822)
(94,1.3283659470282845)
(199,1.3284035391017366)
(50,1.328829147523004)
(706,1.3289125854691937)
(407,1.328938350738479)
(609,1.329321783040589)
(24,1.3293507358770995)
(540,1.3293960920107266)
(542,1.3294295632468482)
(319,1.3295009146354715)
(208,1.3295189510757937)
(228,1.329697257897383)
(949,1.329941120270387)
(223,1.3300330870920865)
(143,1.3304621985547882)
(684,1.3305061803366882)
(409,1.33055937632482)
(273,1.3308233112511931)
(866,1.330839415927626)
(480,1.330891957336454)
(374,1.3310619330217817)
(43,1.3312252752222817)
(682,1.33136488061139)
(135,1.3316553184158242)
(588,1.331716055820569)
(604,1.331830115468549)
(352,1.3318930470252)
(969,1.3318946693240834)
(574,1.3321584012087955)
(611,1.3323513278874923)
(95,1.3324618138568143)
(391,1.3325073571134738)
(556,1.3325894414617359)
(468,1.3327950689312014)
(347,1.3328153872796873)
(337,1.3329688014126513)
(698,1.33322697357613)
(623,1.3334560054676936)
(474,1.3335478457262777)
(44,1.3336407595540718)
(341,1.3338652957304422)
(733,1.3339807168838407)
(93,1.3341105506409419)
(577,1.3341224842131616)
(455,1.3341544840220732)
(173,1.3342445745601996)
(794,1.3342899820222593)
(713,1.3345005826181262)
(86,1.3348708572606924)
(864,1.3349839205093332)
(721,1.3350847800401475)
(861,1.3350977752444477)
(599,1.3351141503421668)
(676,1.335142883031426)
(563,1.335144184532125)
(824,1.3352221235862147)
(590,1.3352226194174772)
(419,1.335300909272841)
(424,1.3354362425227502)
(883,1.335613557493718)
(79,1.3356670305891065)
(200,1.3358314950447774)
(201,1.3360640762255658)
(254,1.3360858734948702)
(258,1.3361096410166065)
(390,1.336328905505434)
(860,1.3363589668865075)
(119,1.3363662699895202)
(214,1.3363778993332238)
(921,1.33651075085073)
(787,1.3366976142375728)
(288,1.3368165595420016)
(294,1.3368814096628625)
(930,1.33708947912991)
(654,1.3372659005211902)
(797,1.3373302551699526)
(397,1.3375003353327866)
(423,1.337816624411927)
(211,1.3378817990137815)
(639,1.3383720637914787)
(346,1.3385494375996008)
(169,1.3389357774142743)
(360,1.3389677069465373)
(984,1.3395482578726636)
(773,1.3395920074662195)
(667,1.3398645663928184)
(653,1.3399533901474818)
(844,1.3399810444827507)
(707,1.3403214462118118)
(775,1.3404667689825303)
(45,1.340489617440569)
(483,1.3405597969409249)
(49,1.3405896923151828)
(808,1.3406248072091822)
(203,1.340649682878694)
(379,1.3407271342327414)
(535,1.3408726800343989)
(607,1.340966132929075)
(277,1.3410861249402284)
(427,1.3412202389959191)
(268,1.3415518591019715)
(977,1.3420492910588127)
(234,1.3421268945584792)
(227,1.3421319703411385)
(470,1.3424914182414363)
(400,1.3426061348380138)
(976,1.342631580141892)
(177,1.342797250730209)
(635,1.3429192629382796)
(350,1.3430636005345191)
(893,1.3435068585212326)
(72,1.3435688974563724)
(289,1.3436216260637603)
(460,1.3438693713366197)
(60,1.3440336204216965)
(395,1.344144405056033)
(994,1.344430663328868)
(804,1.3446352472637704)
(377,1.3447665009939265)
(339,1.3448179432126937)
(343,1.345328617334163)
(37,1.3455867033119222)
(34,1.3456189971639043)
(905,1.345736234781233)
(648,1.3460017759119054)
(765,1.3460232645061556)
(557,1.3460353500150524)
(823,1.346059461846086)
(683,1.3465237703500028)
(149,1.3465579574347117)
(421,1.3465931689860504)
(190,1.3466176223192134)
(885,1.3472599768303632)
(230,1.3474787351464617)
(960,1.3475547272526427)
(29,1.347589620199874)
(650,1.3480052586862066)
(705,1.348151702191153)
(882,1.3481942823789932)
(854,1.348304202752245)
(519,1.348337684600688)
(267,1.3483507699306203)
(944,1.3484875810031836)
(111,1.3485435986912275)
(281,1.3488912320526174)
(928,1.3491468761994838)
(449,1.3496701600228087)
(911,1.3501077891946098)
(12,1.350300973119847)
(392,1.3504789492570655)
(335,1.3505973260039876)
(709,1.3506250581810715)
(757,1.3506732116286193)
(545,1.3507283378539332)
(425,1.3507290693620508)
(737,1.3508605844536374)
(224,1.3510794994907618)
(403,1.3511028701486023)
(735,1.351163442819589)
(917,1.351222107485319)
(325,1.3512609052535598)
(144,1.3513047370123756)
(371,1.3519842601223155)
(415,1.3520302910931414)
(193,1.3522178716905326)
(985,1.352482969540369)
(511,1.3528576046791645)
(67,1.3529263209003553)
(262,1.3529616160320697)
(290,1.3532999138262098)
(919,1.3537065960746009)
(74,1.3537642134202714)
(411,1.3537916831607497)
(637,1.3541170673660463)
(441,1.354230152047786)
(547,1.3544479479741511)
(559,1.3545663169868807)
(662,1.3546699451015194)
(550,1.3547356253644118)
(170,1.3547561117352325)
(320,1.3548648071191955)
(552,1.354891552009858)
(293,1.354992340383444)
(353,1.3553700338948251)
(624,1.3555399961888053)
(115,1.3563337176219097)
(689,1.3566019795209625)
(972,1.3571409384740327)
(508,1.3572177846025586)
(582,1.3575512114285775)
(829,1.357725281025978)
(503,1.3579367275023204)
(476,1.357996588266755)
(973,1.3580299568914842)
(566,1.3581569489558623)
(987,1.3581732110063893)
(245,1.3583089673153799)
(903,1.3584260023650199)
(863,1.3585295188357032)
(285,1.3585548051682768)
(384,1.3586526052838843)
(554,1.3588945401566803)
(791,1.3590570519460368)
(846,1.3595049910164156)
(923,1.3595652067581803)
(450,1.3597466045348439)
(40,1.3597871611945598)
(549,1.3602795138423056)
(218,1.3603741317141802)
(153,1.3605146806302268)
(292,1.3608596549284842)
(777,1.361013662345961)
(444,1.3610661836606859)
(573,1.3610763588731511)
(226,1.361229432198322)
(734,1.3618687997512706)
(621,1.362225569851807)
(521,1.362538688518207)
(600,1.362627715501117)
(761,1.3627836950481687)
(953,1.3630628612617552)
(532,1.3635522732624772)
(162,1.3635775498524951)
(124,1.3636622215018057)
(541,1.3638705899997328)
(632,1.3645858842832268)
(62,1.3646207876801852)
(141,1.3647283572917743)
(147,1.3648385137316676)
(935,1.3648913603089774)
(847,1.3650364746424952)
(999,1.3652984344875705)
(327,1.3658358809211606)
(8,1.3659031402453536)
(433,1.3660181277222427)
(219,1.3665237943205355)
(996,1.3667022100678894)
(971,1.3667627787087404)
(755,1.3667881368414097)
(420,1.3669331904237862)
(612,1.3673069368793753)
(263,1.3678427211325577)
(763,1.3679046250863625)
(469,1.367946393713768)
(932,1.3680133276298196)
(440,1.3681062914092674)
(629,1.3682679069077406)
(506,1.3685935181943576)
(48,1.3689349701479212)
(88,1.3691061140859313)
(910,1.3695566296925394)
(768,1.369793841282534)
(914,1.3698667537921458)
(704,1.369917567278641)
(647,1.3699507192112117)
(746,1.3700577972421717)
(852,1.3705697346532835)
(402,1.3708932215796035)
(416,1.3711941288590106)
(546,1.3712967862556906)
(365,1.3715268767863895)
(998,1.3715811317016293)
(622,1.37178187960641)
(160,1.3722926103131599)
(10,1.3723904658009938)
(762,1.3724322521524304)
(59,1.3726137994293548)
(215,1.3731690501950375)
(894,1.373498213200235)
(783,1.37353605615769)
(378,1.3736770181257036)
(835,1.3738628427555577)
(437,1.373967246501148)
(950,1.3739684319253112)
(743,1.3741141328118662)
(744,1.3747345995544453)
(393,1.374943395363406)
(39,1.37503258065213)
(904,1.3750573303964682)
(690,1.3754720038100023)
(248,1.375530607648604)
(324,1.3759616511579627)
(807,1.376267229839348)
(196,1.3768098902410717)
(58,1.3771910916920442)
(179,1.3773362665074658)
(936,1.3777991486761492)
(533,1.378193143962532)
(184,1.3804671618176527)
(870,1.3805523523507268)
(11,1.3809082368550678)
(681,1.3809578910141234)
(729,1.3818592394815434)
(673,1.3819729222120454)
(453,1.3829996795619621)
(842,1.3830627340065371)
(454,1.383352629394853)
(850,1.3837499105616935)
(117,1.3843365818099762)
(265,1.3849740358257119)
(702,1.3850069716893787)
(186,1.3852333387118747)
(952,1.3852906284372322)
(700,1.385753388620081)
(509,1.386153868244003)
(661,1.386245996410425)
(180,1.38646948831763)
(328,1.3883371811538412)
(899,1.3884029234685835)
(412,1.388741445560813)
(727,1.3890260487138388)
(967,1.3897664653066393)
(869,1.389958514238641)
(947,1.3900736851579947)
(246,1.391538102088221)
(634,1.3915899037556148)
(207,1.3922846221152854)
(52,1.3928835359660596)
(367,1.3929054808534012)
(235,1.393861984666552)
(308,1.3940101600011705)
(84,1.3956659007038723)
(656,1.3960975079550861)
(939,1.3971301841217112)
(880,1.3977791599359002)
(140,1.3980792595636764)
(756,1.3985282846766773)
(507,1.402501365393105)
(530,1.4025969483309748)
(406,1.4029060929777124)
(770,1.4029182760966235)
(114,1.4031107201501856)
(137,1.4031906907830063)
(372,1.4063617052283337)
(482,1.4077467771737278)
(851,1.409423298361207)
(531,1.4095160868041372)
(326,1.410440778985025)
(591,1.4121893738050053)
(666,1.4146554767394237)
(204,1.4146826859399784)
(986,1.415203891685804)
(278,1.4152613400174285)
(901,1.4163553230040649)
(439,1.4183115931711185)
(754,1.418763863279528)
(202,1.4203566733852926)
(314,1.4205148538840024)
(710,1.420659008623587)
(628,1.4208469838358635)
(626,1.422363059860303)
(672,1.4224756314690274)
(723,1.4237276006238044)
(161,1.4259864578885064)
(260,1.4265417625784933)
(560,1.4267453563223498)
(225,1.4271463361931092)
(456,1.4285116975859855)
(758,1.4285313132300221)
(583,1.428736990346685)
(487,1.4302260466693772)
(151,1.433458067112906)
(718,1.4362464640621184)
(819,1.4367777259552408)
(298,1.44414295157058)
(336,1.4477113493111993)
(874,1.4517511964276817)
(551,1.4520834522639898)
(886,1.4571030227955968)
(570,1.4664828310677256)
(104,1.4681829543313334)
(789,1.4711402253482266)
(964,1.4753804434043296)
(451,1.4759043781450316)
(978,1.4860388641181521)
(14,1.4913882437464292)
(89,1.4919502173532628)
(867,1.4955989417276694)
(736,1.4958222505884)
(633,1.4997561611723107)
(771,1.5140305116987447)
(123,1.5182100408566237)
(47,1.525277282679386)
(382,1.5393121043711346)
(782,1.5723399481754947)
(849,1.5931622761293225)
(714,1.893230120925212)
(373,1.9038512162320114)
