(57,0.9607626003412804)
(5,0.9612968460159698)
(72,0.9723661005186717)
(41,0.9823750097148964)
(71,0.9828535089212556)
(14,0.9828535089212556)
(36,0.9875451752996679)
(24,0.9875545207275345)
(95,0.9912668767949685)
(11,0.9973066982862853)
(88,0.9973066982862856)
(13,0.9980040295807948)
(8,0.9997696116811179)
(51,1.0005757333151972)
(76,1.004562610342166)
(1,1.0059994972481359)
(12,1.0072133509881742)
(52,1.0108577883107386)
(20,1.0244816858037387)
(65,1.0261966012228882)
(32,1.033362722211399)
(48,1.0337791098171556)
(29,1.0355026186194198)
(4,1.0394476551054586)
(10,1.0406374355227606)
(86,1.0452664166219012)
(77,1.0478387720674525)
(54,1.0496885633721071)
(31,1.0501021356640976)
(28,1.0539335311970905)
(93,1.0545323983799473)
(68,1.0549790542025577)
(90,1.0564025782944018)
(40,1.061579967880009)
(2,1.0621348167640101)
(45,1.0660902374131938)
(50,1.066475133699087)
(78,1.0745707941203462)
(42,1.0828312662235768)
(84,1.0829801078606922)
(21,1.0829815648150203)
(53,1.089355927075398)
(3,1.0964899109613713)
(9,1.106360432747309)
(82,1.1162852378287131)
(59,1.1170340789530449)
(97,1.120773671578429)
(60,1.1327481870847376)
(17,1.1357401184333176)
(64,1.135756307825698)
(81,1.1358601689090522)
(69,1.1397070439205543)
(80,1.1493648932608767)
(94,1.1537679087445332)
(38,1.1548840832676042)
(39,1.1584727233186547)
(63,1.158542912275938)
(56,1.1618732194999053)
(92,1.1630566949423935)
(89,1.1633838740331954)
(67,1.1634297180103448)
(15,1.1649635221164218)
(22,1.167142043735633)
(91,1.1698690324701289)
(44,1.1724032844828365)
(37,1.1734319397436193)
(55,1.1820782804822307)
(25,1.1822160027238233)
(83,1.1991259715095137)
(61,1.2001253905650013)
(46,1.2081269569878308)
(85,1.2140653147691558)
(7,1.214787489992054)
(26,1.2210255708119724)
(30,1.2272409632964685)
(73,1.228013307045174)
(35,1.2396249550052085)
(18,1.2457451879606238)
(43,1.2472983799683606)
(98,1.2519478896617087)
(87,1.2574455263397866)
(79,1.272937312739221)
(75,1.2775635265908276)
(49,1.2831409765899944)
(23,1.2835001897524827)
(6,1.2918046938581818)
(19,1.2972345169548982)
(16,1.3178517193175627)
(47,1.3240863589311604)
(34,1.3302258915887595)
(27,1.341011257519651)
(96,1.423602134018584)
(62,1.4306302740746177)
(58,1.4974079623516003)
(74,1.5567202925270107)
(70,1.6901946709603508)
(0,1.890086324417346)
(99,5.593806877127334)
(66,7.6092728826718545)
(33,7.646531425992304)
