(586,0.9736862073840987)
(616,0.9752698389934085)
(167,0.9881168610603411)
(614,0.98859695214484)
(158,0.9895982281294209)
(716,0.9936954312863333)
(898,1.0005071340981575)
(270,1.0032356917749683)
(125,1.004784470802719)
(916,1.0081309768271365)
(168,1.0087430637795718)
(19,1.0090040460671612)
(717,1.0098320530326064)
(302,1.0103950280449472)
(241,1.0234137961508294)
(30,1.0261064436497318)
(71,1.0347436287988798)
(841,1.0596195946684308)
(651,1.0612100223635752)
(253,1.0734661894153412)
(688,1.0744415546971364)
(130,1.0763432836765747)
(465,1.0777882481308003)
(156,1.0812252817642152)
(942,1.0832151068653304)
(526,1.0866056791969767)
(793,1.0964532314421165)
(694,1.0985688653241765)
(157,1.0994660475919753)
(443,1.1011184965212322)
(280,1.1072547047655705)
(31,1.1221003338484634)
(359,1.124729564501485)
(995,1.1276975905827746)
(128,1.129849681280959)
(961,1.1363582991948207)
(615,1.1372567134437743)
(150,1.1375922962182956)
(28,1.1398599168148889)
(175,1.1409720475586527)
(677,1.1433279178944646)
(478,1.148803957203833)
(485,1.150723301292009)
(101,1.1559681908372705)
(505,1.1564675889433071)
(741,1.1588443950428453)
(981,1.161593630585514)
(500,1.1618384016641032)
(830,1.1649733040185417)
(458,1.1650083984062234)
(767,1.1691442525533977)
(856,1.169187155791108)
(686,1.1699296393140264)
(32,1.174552974179526)
(871,1.1745678906905896)
(136,1.1783099123705771)
(42,1.1789704700636836)
(205,1.1791274597799797)
(126,1.1826965021987295)
(514,1.1862565602405937)
(980,1.1887414966603844)
(194,1.190920504550905)
(685,1.1918065283952577)
(486,1.1918344626827333)
(513,1.1922021295846719)
(91,1.1934959366594151)
(779,1.1938179908049777)
(592,1.197249401788628)
(680,1.1975780858789677)
(831,1.2028575506492662)
(598,1.2040510836361058)
(389,1.2042931649771822)
(879,1.2047245274085918)
(197,1.2069959999551272)
(820,1.2073131480831878)
(580,1.208220667706068)
(968,1.209483292532766)
(82,1.2118764125375419)
(711,1.2119056751720536)
(75,1.212782352761488)
(575,1.214641511262336)
(527,1.2158077088444899)
(464,1.216132297450193)
(340,1.216642464809639)
(410,1.2176293994935974)
(282,1.2188268079333757)
(817,1.2188705349280549)
(23,1.2189479807760277)
(442,1.221185545972226)
(504,1.2213733463832699)
(220,1.2215236183826481)
(832,1.22176607886228)
(405,1.2221323420889285)
(784,1.2238209737855523)
(766,1.224576686398269)
(605,1.2246243632385192)
(749,1.2251073445821614)
(602,1.2251955128683885)
(966,1.2271919959584792)
(446,1.2287029654264006)
(232,1.2298304068642325)
(948,1.2306231059456172)
(63,1.2306820631879658)
(671,1.2307904602628006)
(907,1.2313215441852525)
(593,1.2316745357242032)
(195,1.232279186375667)
(333,1.233856671351711)
(113,1.2342862227519888)
(920,1.2369052107398455)
(300,1.2372288441248747)
(857,1.237475438117681)
(646,1.2386820983245548)
(311,1.2399732478746384)
(316,1.2410486108910679)
(536,1.2413173552146577)
(404,1.2418470621258417)
(237,1.2419558631606822)
(191,1.242253013062033)
(658,1.2427068727060928)
(778,1.2428181893053714)
(344,1.2433665776870297)
(55,1.2434594678847977)
(310,1.2438944891944077)
(781,1.244301752652612)
(64,1.2445560370912696)
(361,1.244861442021473)
(307,1.2451109535399862)
(865,1.2451903570475527)
(105,1.2459109068175764)
(244,1.2463378332259774)
(989,1.2468714172217794)
(529,1.2479292580669883)
(938,1.2494051409764129)
(809,1.2495370084439528)
(567,1.2502926770209415)
(816,1.2518370054211336)
(589,1.2521553143547897)
(386,1.2525991517967765)
(518,1.2542582177253814)
(466,1.2545389516690042)
(731,1.2548938649571002)
(896,1.2550129175706886)
(21,1.2552134588970352)
(818,1.2555490869898494)
(183,1.255917551190767)
(937,1.2568567011031648)
(291,1.2569575398580288)
(748,1.2573096062737839)
(699,1.257886219469777)
(7,1.258010271764743)
(558,1.258304835921751)
(812,1.258701158392813)
(764,1.2587305759280794)
(608,1.2588488506313356)
(77,1.2589211566896361)
(174,1.2594227182668118)
(958,1.259859379369596)
(222,1.2605463516018451)
(272,1.2608130996461757)
(426,1.26127196609558)
(148,1.2622615907565982)
(584,1.2623236271574247)
(178,1.2623387947138853)
(909,1.2628434460741873)
(581,1.2630359425152293)
(332,1.2631135154614794)
(644,1.2636051251728984)
(828,1.2640841933581073)
(834,1.2642592211510082)
(261,1.264423207211205)
(959,1.2646006615383407)
(553,1.2646132656543185)
(217,1.264833170556354)
(185,1.265322961467573)
(322,1.2654768125339235)
(22,1.265843430246864)
(61,1.2659180916894863)
(687,1.265981183786799)
(796,1.266082020875423)
(182,1.2661864622704613)
(370,1.266778111187371)
(431,1.2670594627340246)
(266,1.2672089131198478)
(138,1.26722183819646)
(534,1.2678856989952725)
(752,1.2679478407317326)
(172,1.2681266617647577)
(129,1.268313304269423)
(98,1.2683859150845156)
(753,1.2685464085264684)
(54,1.2685899907662366)
(76,1.2689404190201388)
(991,1.2691548599396236)
(674,1.2694472640356436)
(338,1.269827444578034)
(342,1.269867507334383)
(838,1.269982655719022)
(715,1.2701707108700568)
(229,1.2702423605712367)
(164,1.270351278831149)
(274,1.2707586934824588)
(122,1.270948581295632)
(872,1.2710097292937896)
(430,1.2712999182408802)
(945,1.2714388764631548)
(116,1.2714817524893562)
(206,1.2716510769748717)
(6,1.2719368460225993)
(20,1.2726244140715142)
(833,1.272966199533069)
(613,1.2732006557687479)
(87,1.273486253054408)
(655,1.2738966841914763)
(983,1.274262714328786)
(525,1.2745436418631968)
(57,1.2746209736874936)
(912,1.2747491703018434)
(259,1.2748231545113535)
(438,1.2748500367308522)
(299,1.275090534006424)
(859,1.2751277627815523)
(134,1.2752632026099968)
(517,1.2753887759862812)
(313,1.2753899393041632)
(357,1.2755685948616045)
(669,1.2760068215008786)
(548,1.276206560417168)
(387,1.2768086148445925)
(121,1.2772193831358343)
(306,1.2773152763590536)
(288,1.2775471440722237)
(133,1.2777755775916333)
(596,1.2789513835096038)
(145,1.279292143059988)
(152,1.2794456349383732)
(303,1.2795751173763914)
(497,1.2798270893240868)
(821,1.2798387493790067)
(295,1.279902218790751)
(610,1.279955313094412)
(463,1.2801026121483299)
(366,1.2801729316069717)
(579,1.2802501176614263)
(355,1.2803986525618356)
(85,1.2805601312719146)
(3,1.2807699154894674)
(510,1.2810083986478595)
(103,1.281390516988188)
(933,1.2814379983767823)
(369,1.2815220964482743)
(73,1.2816026885833507)
(356,1.2820601789734951)
(323,1.2820634517080434)
(475,1.2821327735951908)
(595,1.2822924236061912)
(906,1.2823903324161658)
(695,1.2827093192243404)
(708,1.2828646401662736)
(345,1.283037774087101)
(881,1.283364963647967)
(1,1.2838458848082004)
(484,1.2838775761753607)
(636,1.2840006921436364)
(496,1.2840624202615518)
(926,1.2841054261479112)
(925,1.2841722111570562)
(477,1.2843632244155556)
(732,1.2844782085174937)
(988,1.2850791581287695)
(38,1.2852637840237682)
(630,1.2856360434756953)
(890,1.2858369744420133)
(774,1.2864714222787532)
(696,1.286485262796157)
(210,1.2868361442134602)
(587,1.2868778683391244)
(555,1.2871618449874869)
(155,1.287422907557647)
(665,1.2875049697548122)
(159,1.2876159887682093)
(663,1.2882168291844756)
(383,1.2885635819834507)
(742,1.2890521532257126)
(692,1.2890578246596518)
(4,1.2891007451414203)
(745,1.289137308651381)
(827,1.2895291648556702)
(642,1.289830570222385)
(142,1.2899234815497123)
(848,1.2900072046369047)
(868,1.2900711049373803)
(362,1.2903955052791207)
(120,1.2904133797692492)
(351,1.290560560734461)
(657,1.2907391821975447)
(502,1.2907974876464954)
(993,1.290871123101212)
(364,1.2915203322921558)
(287,1.2915373106281556)
(472,1.2917981463942412)
(576,1.2918394686293244)
(822,1.2918474441631507)
(578,1.2920191743585931)
(491,1.2921295611286985)
(571,1.2921373970789456)
(619,1.292399734195558)
(284,1.292442254756539)
(188,1.2924485407736885)
(940,1.2924591348843923)
(490,1.2924860518901258)
(815,1.292633574514545)
(213,1.2926454621412091)
(652,1.2926495803930864)
(305,1.2930356653181063)
(562,1.2930930298031444)
(209,1.2931189799845138)
(888,1.2933146657551335)
(640,1.293353397220947)
(97,1.293397844627406)
(2,1.2936436428219422)
(118,1.293675090954133)
(675,1.2936888200933003)
(127,1.2937912761175898)
(862,1.2938128066857089)
(41,1.293954885260654)
(78,1.294087292193249)
(13,1.2945016462098213)
(432,1.2945757295275286)
(181,1.2947623631696923)
(435,1.294899575488383)
(139,1.295001066079443)
(256,1.2952561041520478)
(447,1.2956494955983557)
(725,1.2956599487990557)
(769,1.295902763617577)
(897,1.2959254804818245)
(445,1.296234180719219)
(780,1.2964106012959233)
(724,1.2964658280466426)
(296,1.2965514044610744)
(877,1.296687659073241)
(703,1.2967192535190457)
(845,1.2967859978275258)
(109,1.296980958082565)
(251,1.2970018982790426)
(878,1.2970694310362276)
(348,1.2972204934048142)
(51,1.2977247186324012)
(154,1.2978083357341934)
(806,1.2978968514973501)
(46,1.2979625622249644)
(481,1.2980158125117067)
(394,1.2980420506939012)
(452,1.2981187853392457)
(388,1.2982961755213578)
(16,1.2985991986553758)
(975,1.2986022286615078)
(982,1.2987143120439877)
(722,1.2987192154880387)
(776,1.2987761895939345)
(826,1.298936680945369)
(422,1.2989473468794073)
(539,1.299267237978816)
(522,1.299605430106772)
(252,1.2997830442947311)
(543,1.2998311386227726)
(106,1.2999692014802637)
(512,1.3000590682361317)
(836,1.3000894319033542)
(701,1.3001718404700289)
(538,1.3002779239609679)
(659,1.3007250304252298)
(839,1.300982892575223)
(795,1.301022268575604)
(892,1.301034124138123)
(631,1.3011024491811762)
(922,1.3014041059001185)
(471,1.3017183186381696)
(855,1.3019364506716664)
(479,1.3020019467285084)
(309,1.3021507420065843)
(585,1.3022453317125608)
(414,1.3022828194105416)
(955,1.3026196529321226)
(712,1.3026829056135867)
(102,1.3028363570014223)
(902,1.3028834564789047)
(457,1.302892285163323)
(572,1.3029224290982337)
(385,1.303067724091138)
(304,1.3031121082838415)
(187,1.3031575967883127)
(448,1.303394625361633)
(399,1.303568746554866)
(876,1.3037061600598472)
(25,1.3037148509714749)
(69,1.3039331486013108)
(785,1.3041488926579332)
(17,1.3042632675361907)
(524,1.3042694675251039)
(275,1.3045305935264833)
(814,1.3047085421273048)
(679,1.3051745295364496)
(321,1.305249112128037)
(498,1.3053185046192826)
(428,1.3053250664168645)
(544,1.3057164351980721)
(376,1.305739040447984)
(413,1.3063524960763808)
(810,1.3064238944488986)
(918,1.3065893747494548)
(840,1.3066347625223382)
(110,1.3067205958930619)
(283,1.3067353577313123)
(301,1.3071303176691669)
(318,1.3071729152812641)
(750,1.3071876343645183)
(488,1.307192552868275)
(719,1.3072017221754006)
(802,1.307210106702089)
(36,1.3073234498695778)
(908,1.3075879687871352)
(233,1.3075906768128935)
(620,1.307674932920826)
(875,1.3079533541884167)
(929,1.308207288418082)
(740,1.3082715494567156)
(606,1.30841109254577)
(738,1.3084318214078388)
(243,1.3086331751502365)
(934,1.3086454522135453)
(492,1.3087227045259486)
(900,1.3087371192110768)
(56,1.3092015344428671)
(35,1.309237407826045)
(317,1.3092718907824126)
(240,1.3098312197638218)
(997,1.3098780248183959)
(873,1.3100019224091581)
(730,1.3101104525391614)
(334,1.3101592016150507)
(192,1.3103676514025169)
(853,1.310548092759576)
(249,1.3106611467828106)
(811,1.3107554345458499)
(418,1.310788646631714)
(250,1.3109274884794475)
(979,1.310968264141014)
(276,1.3112068692687893)
(417,1.3112223988678542)
(171,1.311334046934967)
(401,1.311364818601078)
(946,1.3113777959849338)
(739,1.3114106074520815)
(499,1.3115366492963323)
(381,1.3115719935254757)
(108,1.311596022732009)
(515,1.3117643968003416)
(286,1.311769807267107)
(956,1.3122116032702544)
(408,1.3124791844683963)
(271,1.3129901030235085)
(239,1.3131038663625196)
(931,1.3131185677924662)
(354,1.3132277246089485)
(493,1.313320902679401)
(375,1.313558434335612)
(884,1.3136337780351783)
(489,1.3137057331413895)
(788,1.3140596301081073)
(798,1.3141451152843102)
(843,1.3143882075287054)
(50,1.3144698993418702)
(242,1.314604430590772)
(951,1.3146524835193882)
(15,1.3150576448581184)
(913,1.3151353908587093)
(728,1.3151535520881334)
(772,1.3152080066687506)
(941,1.3153161850681339)
(844,1.31534866885289)
(173,1.3154591793434323)
(238,1.3155661857356873)
(368,1.315720050738811)
(5,1.3158116716592152)
(166,1.3160054431297636)
(887,1.3161739244135795)
(609,1.316206212366434)
(459,1.3162775012759051)
(691,1.3165587608707745)
(208,1.3165810099337245)
(805,1.3166426737975097)
(569,1.3169686492330481)
(9,1.3169905529856318)
(70,1.3173315778386423)
(813,1.3173551789830742)
(176,1.317375231811441)
(649,1.3175979805412843)
(601,1.3176314093203076)
(603,1.3177046261135983)
(670,1.31776738482724)
(236,1.3181951800687959)
(664,1.3182724939187196)
(556,1.3185925930147042)
(537,1.3190197291314487)
(682,1.3190276301471162)
(374,1.3190801868304607)
(349,1.3191958412557745)
(943,1.3192364927221853)
(409,1.3193295431573828)
(684,1.3195062935812127)
(329,1.3195929480605249)
(889,1.3196621921048264)
(269,1.3196709916001146)
(611,1.3196806719697822)
(407,1.3197581239172906)
(678,1.3198302232054582)
(72,1.3202692806957805)
(80,1.3206633527269884)
(96,1.3207454202768385)
(645,1.3209629726951895)
(617,1.3210026263012202)
(200,1.3210683297543755)
(565,1.321189483911571)
(861,1.3214056310787092)
(424,1.3215609592061384)
(969,1.321774374451149)
(83,1.3218046358950595)
(597,1.3218657013655328)
(540,1.32194272459437)
(643,1.3221139985169967)
(398,1.3221198520207822)
(212,1.3225815075606624)
(962,1.3227015600766487)
(315,1.3227330806017719)
(254,1.322791706928958)
(312,1.3228407029446463)
(590,1.3228547258762613)
(257,1.3228689964384204)
(294,1.3229860091890286)
(27,1.3231617827120463)
(801,1.3232496219330254)
(797,1.3232965202466858)
(135,1.3234194687316327)
(461,1.3234375489294086)
(79,1.323729478876217)
(915,1.3239068215097687)
(379,1.3239105198955217)
(352,1.3243476320718064)
(800,1.3243480389906976)
(146,1.3246851040129497)
(216,1.3248115926127264)
(977,1.3248987456805719)
(436,1.3249122144113135)
(227,1.3250661437840905)
(883,1.3253008986356662)
(564,1.3253113357399047)
(574,1.325319187440051)
(676,1.32544714655586)
(44,1.3254861499304154)
(965,1.3256087711382294)
(638,1.3258744168614238)
(111,1.3258854655080223)
(747,1.3259348772929647)
(255,1.3260686969793203)
(419,1.326428291588698)
(474,1.3265315817856664)
(516,1.3266169344234153)
(790,1.3266646622020228)
(483,1.3266743388668658)
(391,1.3266989950645798)
(623,1.3268122265311284)
(81,1.3269664829189942)
(347,1.3270504186921495)
(641,1.3271827609326432)
(143,1.3275781320276268)
(223,1.3277300147926492)
(331,1.327873203473287)
(358,1.3281117811582808)
(86,1.3281535446511477)
(107,1.3281631422308586)
(568,1.3283681077938236)
(395,1.3283935398266853)
(604,1.3284711304764305)
(434,1.3288735680559631)
(994,1.3289432197848647)
(199,1.3291187663001205)
(960,1.3296531561385447)
(473,1.3296901941232837)
(131,1.3299092044172318)
(93,1.3299210692875054)
(705,1.3300021672958577)
(698,1.3300984987900462)
(337,1.3303100281099596)
(668,1.3306378682362028)
(893,1.3307194493287762)
(588,1.3308739680961958)
(523,1.3309403676602025)
(697,1.3309806380018345)
(467,1.3310748081575121)
(214,1.331172933640282)
(662,1.3313795268732957)
(455,1.3314262670057055)
(65,1.3314281145688451)
(949,1.331431729166975)
(94,1.3317914675102902)
(441,1.3320423981763923)
(341,1.3322261165085874)
(577,1.332318839452088)
(733,1.3324107633738786)
(26,1.3326396371717466)
(607,1.3327472055402423)
(68,1.3329943147467138)
(100,1.3330115009598615)
(791,1.3330181202710816)
(751,1.333112711900605)
(837,1.3332140912314245)
(43,1.333217530026037)
(153,1.3335424431149008)
(380,1.333638471528796)
(930,1.3336414877061222)
(189,1.333805778649712)
(654,1.3340291678374245)
(974,1.3341770084681457)
(599,1.334227271035058)
(149,1.3342357172154398)
(397,1.3343541751044539)
(535,1.3344136478730222)
(277,1.3345305891120658)
(247,1.334827157008956)
(92,1.334950581407012)
(683,1.3350367475298364)
(320,1.3350637848162121)
(625,1.3354195637158717)
(53,1.3355373742092587)
(970,1.3356050781907325)
(713,1.3356488605658279)
(760,1.3357646292733196)
(905,1.3361591771381132)
(201,1.3364060716838848)
(992,1.3364721757233473)
(45,1.3366261070822294)
(895,1.3368676387545997)
(803,1.3370191075137328)
(519,1.3370813811387565)
(403,1.3372362670691653)
(163,1.337255542226966)
(400,1.3376204647370735)
(866,1.3377227941044056)
(353,1.3377659386941194)
(450,1.3379191281048977)
(273,1.3379587395816017)
(963,1.338112224131846)
(735,1.3383297181398173)
(90,1.3383938559674855)
(808,1.3384765796451694)
(824,1.338587074831395)
(520,1.3386429507881332)
(112,1.338693896340853)
(542,1.338749171483872)
(721,1.3389083711093084)
(786,1.339069611278879)
(371,1.33949040548378)
(221,1.33975826774169)
(95,1.3398857369232364)
(360,1.340056338390126)
(49,1.3401160170154638)
(773,1.340314274306103)
(24,1.3403204690505004)
(390,1.3403277143887982)
(864,1.3403504234309962)
(720,1.3403670363481968)
(346,1.340959783919646)
(190,1.3412381640532531)
(470,1.3412865871701303)
(927,1.341295115694079)
(928,1.341761987857745)
(799,1.3418313142350622)
(923,1.3422292574972614)
(985,1.3424433245751364)
(639,1.3428952869717643)
(425,1.343156143457209)
(921,1.343215355713316)
(944,1.343504757573176)
(177,1.3435368700076245)
(650,1.3436321267474847)
(618,1.343702641401677)
(823,1.3442854743000656)
(119,1.3447667511096197)
(293,1.3451938223996225)
(494,1.345406045785777)
(37,1.3456138113829839)
(29,1.3457606773778843)
(34,1.3460843918565524)
(267,1.3460932103941115)
(761,1.3461584920137664)
(460,1.346265379287175)
(829,1.3462666004734514)
(557,1.3465038005620942)
(377,1.3466386095227445)
(350,1.346882629665237)
(420,1.3471760774400676)
(541,1.3472420054613115)
(984,1.347515645122153)
(411,1.3475964336197028)
(262,1.347603124097918)
(987,1.3477119812232046)
(635,1.3478159979616449)
(794,1.3480170309155886)
(653,1.3481592481246205)
(289,1.348257376940089)
(547,1.3485301076650091)
(170,1.3485705848800802)
(563,1.3493241708871966)
(765,1.3496909033894111)
(511,1.3499314737020889)
(476,1.350116760394209)
(554,1.3502015605855155)
(885,1.3503067814327707)
(365,1.3503724402397508)
(268,1.3504588645299929)
(911,1.3507351807973562)
(501,1.3508014740616072)
(480,1.3508114999738272)
(972,1.3512185648749626)
(74,1.351252800050657)
(423,1.3512856112732157)
(935,1.3512879762301098)
(917,1.3514189316059533)
(573,1.3514458013969441)
(319,1.351580910313698)
(854,1.3517899392925565)
(327,1.3521138246272895)
(954,1.3521217799984977)
(343,1.352290918609295)
(863,1.352563920400995)
(234,1.3528036604124896)
(546,1.3528277473153345)
(144,1.3528523728989426)
(281,1.3530091973040494)
(647,1.353103579710758)
(339,1.353248052187809)
(290,1.3533308033056453)
(910,1.353392540391852)
(402,1.3533953985031755)
(160,1.3534172439221106)
(757,1.3535557990138085)
(392,1.3536112515741083)
(245,1.353678277429873)
(18,1.3536828444224795)
(263,1.3537941904670743)
(846,1.3538994257074604)
(545,1.3539172007959588)
(777,1.3539589793879911)
(427,1.3540117070493556)
(211,1.3545258422833042)
(10,1.3546418541531813)
(737,1.3546958578271473)
(258,1.354717498113629)
(324,1.3548795305831993)
(468,1.3550757849904562)
(707,1.3552623349075599)
(932,1.3553085140816472)
(690,1.3553665232181207)
(203,1.3555210965470357)
(384,1.3557617518556861)
(285,1.3558345792810693)
(804,1.355933458539232)
(503,1.3563114438993016)
(709,1.3563461791617044)
(521,1.3570503818892043)
(600,1.3571720308440582)
(914,1.3575299096084203)
(549,1.3578924035304496)
(179,1.3580750781550586)
(667,1.3582725343794795)
(60,1.3583276925255978)
(230,1.358336990516757)
(506,1.3584087581090405)
(421,1.3587293505273303)
(215,1.3588809428277229)
(552,1.3591220847541494)
(224,1.3595258975690412)
(449,1.3595385161226266)
(860,1.3595730094595169)
(899,1.3597840380223079)
(746,1.3600347335702745)
(689,1.3601705261961672)
(40,1.3601946903896691)
(919,1.3603613565096386)
(768,1.3603951767316027)
(180,1.3605818780188845)
(648,1.3607821621050107)
(787,1.361080473411843)
(744,1.3613496385922128)
(566,1.3617528599496291)
(141,1.3618148966631716)
(999,1.3620387449027476)
(976,1.3622538273612057)
(624,1.3622586692683913)
(637,1.3625827451913277)
(169,1.3627296987230806)
(115,1.3630768458103044)
(248,1.3631436855770664)
(743,1.3631784857798102)
(415,1.3634282582820823)
(550,1.3640809936580234)
(335,1.3645559532129021)
(783,1.364566678849791)
(755,1.3646154033537603)
(67,1.3648853829008767)
(952,1.3653124204689913)
(437,1.3653561381142543)
(378,1.3654536515957492)
(196,1.3654732748827298)
(124,1.3662807640490149)
(218,1.366341787202368)
(454,1.3664791577465278)
(193,1.36653690515282)
(58,1.366610155078611)
(325,1.3667272617649593)
(265,1.366750676002178)
(621,1.3671087127557924)
(967,1.367121789945958)
(702,1.3672565551740699)
(62,1.3673574044806298)
(706,1.3676295178853572)
(162,1.3676409150530373)
(147,1.3680644445693675)
(904,1.3681523715458386)
(393,1.369031565491979)
(444,1.3694229905771789)
(228,1.369495994875884)
(509,1.3695344334295503)
(508,1.3698502096301477)
(882,1.3700524938368872)
(632,1.3701109900837258)
(998,1.3701134555358345)
(850,1.3701269786863484)
(681,1.3701473231906494)
(869,1.370188149848316)
(775,1.3703560279040587)
(953,1.3708754554248581)
(308,1.3710000795891328)
(847,1.3714554100063618)
(533,1.3715057886007478)
(763,1.3715429294662005)
(207,1.371762334454085)
(469,1.3718127886575833)
(559,1.3729549527783407)
(59,1.3732166199896185)
(88,1.3733328068761432)
(235,1.3735792662657667)
(226,1.3735967489372765)
(622,1.3740578004407966)
(453,1.3742893937789502)
(8,1.3745404453320846)
(292,1.3745488812379552)
(582,1.375110012904138)
(770,1.3753797304107054)
(852,1.3755018352321149)
(278,1.3762962643794265)
(700,1.3764543391003699)
(835,1.3770353352983378)
(734,1.3774329396698066)
(219,1.3778426296261985)
(117,1.3781029430196172)
(996,1.3783834645488622)
(440,1.378536438690598)
(842,1.3791265701342832)
(971,1.3791326315620682)
(973,1.379600031584253)
(406,1.379767784244417)
(656,1.37990992816759)
(612,1.3800365951588702)
(184,1.3804994397945252)
(532,1.3809525230543978)
(729,1.3813405044731801)
(52,1.3829882229751804)
(507,1.3832647108083191)
(950,1.3839547700834531)
(412,1.3840887807743054)
(634,1.384509357479001)
(936,1.3845866451554334)
(903,1.3850776711380415)
(372,1.3853072815470422)
(48,1.3857205251588787)
(140,1.3858746643061262)
(756,1.3872053780946048)
(326,1.3876030504990795)
(84,1.3876275611892195)
(11,1.3876589404120252)
(673,1.388744508791626)
(433,1.3896969319473271)
(629,1.3904013775322392)
(482,1.3907073753323427)
(39,1.3907141769536364)
(870,1.3907980370791828)
(762,1.391461567152338)
(661,1.3916594340643462)
(880,1.392176711725675)
(894,1.3931040858459436)
(439,1.3931644021744474)
(704,1.393172214118392)
(531,1.3944114065830908)
(807,1.3944927191823149)
(328,1.3975471745272388)
(416,1.3978845208548767)
(851,1.3987691752853322)
(754,1.3993850335683793)
(12,1.3994407283861916)
(710,1.3998677037961522)
(551,1.400303450775289)
(114,1.4003061940356019)
(186,1.401455361274171)
(246,1.40319258069696)
(666,1.406523854336911)
(986,1.406950162850717)
(530,1.4073772440127432)
(947,1.408040124298939)
(367,1.4085323725635475)
(583,1.412991805839063)
(298,1.4140738678328344)
(137,1.4152287976716253)
(874,1.4156905170920395)
(628,1.416988150136588)
(672,1.4173184920787327)
(151,1.4187204745364306)
(901,1.4199371409664723)
(336,1.4220248456381097)
(591,1.4221526105471713)
(560,1.4225763519096262)
(314,1.4231245388578135)
(202,1.42425234428102)
(260,1.4265813092768256)
(456,1.427010324159093)
(204,1.4273063975380498)
(487,1.4285255651667716)
(939,1.4298141021755746)
(104,1.4346469017501151)
(727,1.4372958162872076)
(758,1.4389786738608892)
(89,1.44403628730469)
(867,1.4440950755668294)
(225,1.4492631429772227)
(161,1.4496239779575606)
(886,1.4562211641847649)
(964,1.4577449706556154)
(626,1.458174769284041)
(819,1.4588404322482296)
(978,1.459098991038173)
(723,1.4594589649746028)
(718,1.4605858247922294)
(570,1.4652027596020682)
(14,1.469527277749042)
(633,1.4751724203438505)
(736,1.4838235745963446)
(451,1.4979376680912109)
(771,1.5106095705992941)
(789,1.5115044254783383)
(123,1.5166441753671371)
(47,1.5248400191335554)
(782,1.5332155261626317)
(382,1.5377350367387537)
(849,1.5379916541933762)
(714,1.8919058098074522)
(373,1.9602284310991758)
