(15,0.9467333065877455)
(7,0.9489045299097211)
(2,0.9595951441573087)
(6,0.9633103517407975)
(28,0.9832750373685751)
(37,0.9834875690506957)
(12,0.9867590230563793)
(10,0.9959938855600834)
(17,1.0072101791137074)
(8,1.0097687475747903)
(11,1.0113631655349893)
(18,1.0150374241864284)
(13,1.0159030531081685)
(14,1.0182984895373548)
(9,1.018651400039339)
(22,1.0199576683109124)
(19,1.0520608009872732)
(4,1.0546097482712098)
(29,1.0712606894099583)
(32,1.1110872038173745)
(21,1.1442252005527984)
(23,1.1451200349308481)
(33,1.1728400922061455)
(3,1.1848361226078696)
(36,1.18698062372487)
(5,1.1904914990156752)
(24,1.1924850238507356)
(30,1.2136815378755201)
(26,1.2348641682595813)
(16,1.2583205653467895)
(35,1.276001270215089)
(25,1.2776824995644593)
(1,1.3089145588200422)
(39,1.325283750038543)
(38,1.373053022080206)
(27,1.3758536497376006)
(31,1.3899252798309736)
(34,1.766199499023942)
(0,3.4123312600150095)
(20,6.046917870524949)
