(2,0.9443008736032453)
(6,0.9526290168664518)
(12,0.9601524843278162)
(7,0.9622009047561069)
(15,0.9783230665431374)
(8,0.9980304821163932)
(10,0.9996740931986858)
(37,1.0004009484802716)
(13,1.0131564161600046)
(11,1.0131979362153745)
(17,1.0150225435266054)
(9,1.016281875249171)
(19,1.0164298478465352)
(18,1.0166142582424869)
(14,1.0202440104955601)
(22,1.0238341494451422)
(28,1.0249953973368366)
(4,1.0306035977476955)
(29,1.1245648733438052)
(23,1.1583711533334498)
(32,1.1694239908433377)
(5,1.1796541629483506)
(3,1.18463827872347)
(30,1.208022982654533)
(24,1.2088952985848884)
(35,1.2259256198922608)
(26,1.2372701513559765)
(21,1.2401612001698088)
(33,1.2518005423594336)
(25,1.269171365717439)
(36,1.27460045722404)
(1,1.2794431919289906)
(16,1.2988328660057789)
(38,1.3355929456504818)
(39,1.3359178793676691)
(31,1.3784006078442013)
(27,1.4765602644707534)
(34,1.5980936011421394)
(0,3.5157627352915086)
(20,6.227163287434831)
