(7,0.9401202922684291)
(15,0.9424578445489171)
(6,0.9709837482953602)
(28,0.980508019890175)
(13,0.9913071330091041)
(11,0.9913071330091041)
(18,0.9927960258798681)
(8,0.9950788555311724)
(9,0.9951450356129747)
(10,0.9964648373497292)
(2,0.9989489224659077)
(12,1.0010862356165977)
(37,1.0013516565063376)
(22,1.003139731355555)
(14,1.0126188293165985)
(17,1.0312952819715835)
(4,1.0454481294375708)
(29,1.056377288071278)
(19,1.0674656051795766)
(32,1.0997646257036509)
(23,1.1337534866832357)
(21,1.1531327858839362)
(36,1.1581486406173962)
(3,1.1599775184151322)
(33,1.1644536673859724)
(5,1.1733935007899419)
(35,1.1823141909093924)
(26,1.1857445281496422)
(30,1.1925252336375876)
(24,1.2102639308979113)
(16,1.213738632909726)
(39,1.282999640565195)
(25,1.288116199416944)
(31,1.3688240619904448)
(1,1.3820896808399967)
(27,1.3999109049041574)
(38,1.4303352596535983)
(34,1.7837615903839483)
(0,3.3783299268581426)
(20,6.229862660745689)
