(717,0.9620144215669902)
(19,0.965183048252479)
(916,0.9952258228236944)
(125,0.9993851156625985)
(898,1.0174494431232646)
(270,1.0179075747403876)
(302,1.0264139378101944)
(71,1.0309007156829053)
(168,1.0373514067979903)
(158,1.0551831090008035)
(651,1.0700345786645864)
(167,1.082851569523279)
(526,1.0921241432672166)
(156,1.0930747603677042)
(253,1.101165259501238)
(443,1.1115886309845036)
(688,1.1127193197790437)
(614,1.1141468791650027)
(942,1.1263508524668013)
(793,1.1295986861599718)
(694,1.1301065890601134)
(465,1.1387782599505425)
(130,1.139084155728178)
(128,1.1405518203440221)
(157,1.1423188207872317)
(995,1.150400348171762)
(280,1.1518286001779197)
(981,1.1641777125708674)
(28,1.164580693148962)
(500,1.1648560118527598)
(832,1.1820880449159719)
(505,1.1822218132373856)
(42,1.1844141894747084)
(282,1.1850283531044403)
(598,1.1869880662538679)
(592,1.189234238179834)
(485,1.1906296079471952)
(150,1.1931862142329916)
(748,1.1972207554736098)
(685,1.1998132139405888)
(32,1.201420788927517)
(605,1.2020839754010877)
(677,1.2022906489115202)
(342,1.2024197862038088)
(98,1.20456887491318)
(91,1.208620665690317)
(968,1.2097405747327181)
(514,1.2104704663859132)
(909,1.210516771103725)
(830,1.2109292766859214)
(178,1.2127460111801225)
(961,1.2131486017754856)
(101,1.2131694322709972)
(699,1.2131978199713116)
(386,1.2149586118007418)
(820,1.2174719783587171)
(586,1.2184880986173896)
(404,1.2195881111057518)
(54,1.2196710880879436)
(686,1.2199800745987213)
(856,1.2205513861425374)
(300,1.2209064518209944)
(663,1.2218109616659152)
(753,1.2218639313125734)
(948,1.2221697075833888)
(370,1.222491838670212)
(464,1.2225691808502357)
(584,1.2230144966104497)
(359,1.2234598020387428)
(989,1.224038042557323)
(985,1.22470011902628)
(504,1.2261526607633468)
(619,1.2274005755567157)
(7,1.2296197451386204)
(534,1.2298450150198972)
(781,1.2307709595984873)
(983,1.2322128171396423)
(31,1.2326124270881367)
(220,1.2332127187866306)
(3,1.233530964187273)
(181,1.2336129018600388)
(642,1.2352869268566573)
(217,1.2361977956544905)
(227,1.2364718431595605)
(175,1.236765433357049)
(295,1.236794402993635)
(299,1.237242291742727)
(134,1.2376459941729445)
(664,1.2380090173424694)
(472,1.239845664234849)
(646,1.240957935018611)
(2,1.2409871690405432)
(497,1.241183520217399)
(209,1.2421429682370424)
(790,1.2427086933274392)
(711,1.2433529417782545)
(865,1.2436572305349995)
(937,1.2437974172251072)
(630,1.2444370094185928)
(283,1.244511334443697)
(446,1.24502229380223)
(745,1.2452098336527195)
(616,1.245305759288789)
(478,1.2455435723339356)
(291,1.2455880433316127)
(779,1.2463143874651514)
(51,1.24655022419417)
(695,1.246732956378147)
(458,1.247147273671415)
(558,1.2479969867142986)
(749,1.2482347777004053)
(23,1.24838154859474)
(766,1.2484121224221845)
(496,1.2484992818891978)
(63,1.2487054176172538)
(923,1.248754994930653)
(195,1.2490680500200748)
(784,1.2492986072782257)
(338,1.249843454716199)
(593,1.2499872539125214)
(907,1.2500749397847164)
(187,1.250138483942505)
(333,1.250420440045137)
(319,1.2507277970830482)
(174,1.2513662440826445)
(345,1.2514770787964402)
(620,1.251498726876204)
(959,1.2515973940870773)
(244,1.2520059376380785)
(435,1.2522074464844322)
(844,1.2536906449160246)
(194,1.2538239998363574)
(266,1.2538563068890989)
(818,1.2542067739943776)
(931,1.2542767931412813)
(344,1.2545027752958868)
(925,1.2547037315739715)
(197,1.2547510758427203)
(301,1.25477943343562)
(525,1.2549958139219886)
(644,1.2550928890223751)
(902,1.2553290551582643)
(414,1.255422696704967)
(351,1.2554459768785324)
(129,1.2564929426029428)
(322,1.2565400314192983)
(881,1.2565690847981752)
(567,1.256577030149129)
(575,1.2566683729007726)
(348,1.2568094332453963)
(738,1.2572667090657863)
(240,1.2573041400827016)
(312,1.25736241438201)
(77,1.2575869525877919)
(538,1.257685403099243)
(652,1.2577862517805898)
(933,1.2578594637315401)
(669,1.2581318598354232)
(769,1.258445054476241)
(57,1.25861703386405)
(188,1.258953594551519)
(871,1.259483846530599)
(321,1.2595547448383895)
(723,1.2599470483235995)
(815,1.2600609502213527)
(706,1.2602697197951438)
(126,1.2604538828521283)
(164,1.2605479833040176)
(879,1.2606622284933382)
(364,1.2609128932118288)
(166,1.260994961172636)
(383,1.2610111055148505)
(171,1.2612922864579401)
(389,1.2614235070990774)
(69,1.2614299391875805)
(680,1.2615870496994026)
(182,1.2616212673846723)
(810,1.2619563565570504)
(82,1.2622572013675477)
(232,1.262799110638237)
(541,1.2631378449470125)
(529,1.2637336185766388)
(222,1.2638548973576715)
(121,1.2639333836938167)
(938,1.2640166906192394)
(311,1.264025838493164)
(362,1.2643766025368741)
(379,1.2645515895810784)
(138,1.2647396605783074)
(38,1.2648909957584042)
(732,1.2652416394706327)
(471,1.265437841459173)
(602,1.2654749906878806)
(692,1.26598055698147)
(640,1.2660297126534072)
(993,1.2660779894156764)
(857,1.2661016418628013)
(859,1.266124923068494)
(155,1.266165748787892)
(85,1.266222235851698)
(778,1.266257809710624)
(896,1.2667403761295177)
(25,1.2670259911878958)
(606,1.2672634339151052)
(589,1.2672690629539576)
(845,1.267593846307643)
(657,1.2677968231448533)
(544,1.26820830461092)
(517,1.2683970116093157)
(64,1.2685290514828198)
(520,1.2688470249447728)
(722,1.2688682124937456)
(974,1.2689743826900797)
(251,1.26950340983546)
(991,1.2695090158951539)
(522,1.2696361327954606)
(868,1.269656240916426)
(553,1.2700144791047345)
(715,1.2702502248775136)
(721,1.270399046380893)
(555,1.270627592857461)
(930,1.2710989085229933)
(569,1.271237831829251)
(229,1.271523510141684)
(969,1.2721743303756654)
(76,1.2722654425811482)
(585,1.2723010308058225)
(580,1.2733384706937498)
(565,1.2736538321777422)
(527,1.2737249270206399)
(615,1.2739976630200565)
(110,1.274211468016533)
(888,1.274260330738338)
(518,1.2747371201761737)
(430,1.2748370015096764)
(366,1.2750700978538339)
(513,1.2751911870644816)
(189,1.2757809921560794)
(237,1.2758111641565348)
(674,1.2758641566823008)
(696,1.2759269054424627)
(70,1.2761028461139743)
(872,1.2762853958074951)
(780,1.2770273767154074)
(388,1.2770890047086991)
(272,1.2771927399362693)
(817,1.2772753986251644)
(578,1.2773697193254447)
(340,1.2774840407763637)
(838,1.277557645745436)
(776,1.2776501423439253)
(136,1.278569906474001)
(813,1.278764074111227)
(572,1.2788304934891805)
(489,1.278987892819508)
(900,1.2793844894661408)
(862,1.2794314837809246)
(185,1.279607363157414)
(41,1.2798216912999685)
(875,1.2799624294092522)
(802,1.2802235647864342)
(831,1.2803033762238398)
(932,1.2804523858406183)
(785,1.2805585178103145)
(142,1.2806016448853876)
(867,1.2806841075434336)
(426,1.2807670927194652)
(120,1.2807991883274956)
(154,1.2809931540450619)
(400,1.281010536609073)
(442,1.2810187136782882)
(562,1.2810198210574437)
(109,1.2811039168532894)
(413,1.281286325766927)
(305,1.2817773206528638)
(15,1.2819419351220633)
(417,1.282350437932436)
(687,1.2825499160712912)
(906,1.2826713374487528)
(731,1.282902768234803)
(861,1.2830878465921678)
(133,1.2831725860116627)
(491,1.2835071359616446)
(716,1.2849003628430342)
(556,1.2849640154322735)
(275,1.2849675342669635)
(313,1.2852261725158036)
(18,1.2858474414331906)
(944,1.2860844145385508)
(798,1.2860892424836754)
(809,1.2861203211426222)
(608,1.2863096151676492)
(945,1.2870671906483264)
(708,1.2870919788081794)
(493,1.287158972088845)
(43,1.2874353190719048)
(539,1.2878505006243315)
(641,1.2878711919393315)
(245,1.28794925895348)
(287,1.2882585154866402)
(994,1.2888527024524767)
(324,1.2889237057333331)
(214,1.289062335687302)
(958,1.2890907265117957)
(610,1.2893609760340152)
(625,1.289437409665535)
(622,1.2895091229596163)
(980,1.289556406878323)
(667,1.2898336190409136)
(512,1.2898407277946176)
(768,1.2898704289649336)
(422,1.2898727411411073)
(819,1.289969864905242)
(357,1.2899764316827336)
(53,1.2901936112013743)
(788,1.2904772561614466)
(741,1.2905003194778801)
(474,1.2907146206902607)
(212,1.2907221131745297)
(355,1.2907649916382418)
(498,1.2908346419668149)
(391,1.2911624090789662)
(635,1.2913237470535648)
(843,1.291363904627809)
(920,1.2913788336562544)
(812,1.2914660130456497)
(323,1.2916773573037916)
(629,1.2920134786128088)
(943,1.2920706789488043)
(315,1.2920847654677088)
(329,1.2921570254430075)
(675,1.2922465618314387)
(17,1.2922594160919407)
(535,1.2923164489794097)
(636,1.2925564815331974)
(997,1.2926116186898564)
(274,1.293429928456508)
(337,1.2936065762769207)
(774,1.2938868205370577)
(65,1.2940171831636567)
(410,1.2941577058507123)
(488,1.2943376458458953)
(68,1.2950466856150489)
(998,1.2951272509555196)
(375,1.2951376949344953)
(976,1.295281446162446)
(658,1.2953712265293493)
(4,1.295400191958551)
(9,1.2954910147198822)
(501,1.2955852077770118)
(725,1.2956750579026217)
(703,1.2960679306750558)
(649,1.2962182297543958)
(850,1.2962427268871688)
(926,1.2969775656563762)
(822,1.2970670015753099)
(979,1.2971059261531939)
(701,1.2975202030377624)
(767,1.2975800521332934)
(22,1.2976468698487613)
(113,1.2976733490479309)
(764,1.2977979721279609)
(795,1.2978100636948586)
(878,1.2978318446178807)
(511,1.2978426300400434)
(917,1.2988148482812998)
(970,1.2988463369460126)
(369,1.2990193345685415)
(380,1.2991554793205657)
(613,1.2994314635747768)
(308,1.2996574535503689)
(827,1.2997328538448591)
(86,1.2997495625941526)
(325,1.3000981667156755)
(477,1.3001888042824683)
(13,1.3002584084892383)
(387,1.3002838995389319)
(61,1.3002935777163893)
(450,1.3003377484725462)
(571,1.3004512568113036)
(112,1.300479402792526)
(310,1.3005405283789904)
(230,1.3006460069570889)
(452,1.3007098982435779)
(445,1.3008517203631078)
(205,1.3016462023561315)
(800,1.3018079404642966)
(457,1.3018200216582072)
(659,1.3018338260428144)
(475,1.3019406625649428)
(21,1.3021153581802725)
(159,1.3021204396976742)
(163,1.3021667606463563)
(143,1.302379537834865)
(547,1.3025038811163123)
(596,1.302632411763489)
(509,1.3026647326033352)
(697,1.3027507531904112)
(81,1.302808591823456)
(494,1.3029671528573321)
(394,1.303172691680534)
(316,1.3033148772250482)
(747,1.3034580602798955)
(29,1.3038712167906483)
(540,1.3038924077669192)
(516,1.303947206787383)
(481,1.3045010478858796)
(887,1.3046582821193882)
(576,1.3046751807124009)
(146,1.3049444545421591)
(490,1.304948836329803)
(480,1.3050114631671823)
(915,1.3050449231042751)
(87,1.3050515441078527)
(408,1.305237005141292)
(773,1.30526179352212)
(215,1.3052958762345936)
(678,1.3053374047198938)
(303,1.305354587468428)
(864,1.3054176648630484)
(712,1.305433330876151)
(261,1.3058539553345643)
(223,1.306068109777492)
(600,1.3060963595592794)
(655,1.3061897822326491)
(335,1.3063451672105069)
(922,1.3064309125665294)
(670,1.3064717234595928)
(234,1.3068908627577933)
(479,1.3071723027724365)
(199,1.3072147441617945)
(789,1.3073913520393765)
(36,1.3085406626678053)
(763,1.3086607177677756)
(929,1.3088205094070384)
(582,1.308826515870919)
(821,1.3088961023939207)
(836,1.3098130574584106)
(797,1.3099659930580159)
(719,1.3100244666258782)
(103,1.3102143455127677)
(190,1.3103827373047878)
(269,1.3104223484022712)
(296,1.3106532425889978)
(436,1.3107799570906356)
(332,1.3108130418282617)
(684,1.3110864118865009)
(447,1.3111651129600927)
(96,1.311486921400902)
(666,1.3115353914515093)
(213,1.3117566769948898)
(306,1.3119562460603988)
(425,1.3119600328928376)
(26,1.312246513235739)
(992,1.3123241050946135)
(80,1.3123378330099713)
(962,1.3124238523427376)
(406,1.3124869284257903)
(448,1.312509236280173)
(533,1.3125652087624682)
(257,1.3125699074905575)
(327,1.3127618640523695)
(739,1.3128984235849332)
(34,1.3129453421962316)
(975,1.3129830993632836)
(799,1.3130886825029602)
(728,1.31311644552966)
(284,1.3131758691509174)
(122,1.3132572196209955)
(564,1.3132939846423)
(162,1.3132975228945423)
(950,1.3134342242163168)
(515,1.313512713733578)
(105,1.3136184461089895)
(434,1.3136258333719153)
(772,1.3137831118119991)
(139,1.3138407025660488)
(252,1.3138921592312658)
(645,1.3141369050754836)
(473,1.3142040128538068)
(805,1.3144171001295033)
(318,1.3144479013832902)
(893,1.314464653853781)
(276,1.3145486260344277)
(951,1.314675554797832)
(52,1.3147022597767495)
(913,1.3147699217572735)
(537,1.3149159885413952)
(75,1.3149185754322856)
(650,1.315104044906244)
(381,1.3152048640911065)
(286,1.3156523311824606)
(176,1.3156628439205769)
(203,1.3157873481945226)
(892,1.3158889071065019)
(639,1.315920643888808)
(946,1.3159249639269233)
(397,1.3160173089416767)
(304,1.316022223143521)
(210,1.3161485564790008)
(588,1.3162571137978967)
(587,1.3163164301654493)
(374,1.3164343479254959)
(148,1.31667414055234)
(191,1.3166995728602664)
(523,1.3167561812677506)
(131,1.3168725094941638)
(828,1.316988156388873)
(890,1.3170425554546832)
(277,1.3170558183734145)
(829,1.3173461499616672)
(172,1.3174620256923977)
(144,1.3174702569538501)
(273,1.3175384107489707)
(889,1.3179884030479565)
(579,1.3182441080089875)
(236,1.3182717153945898)
(326,1.3183872871766424)
(807,1.318515334183777)
(72,1.3185319726530063)
(982,1.318745633917825)
(510,1.3187742866188483)
(700,1.3191513291286057)
(149,1.3193154798216271)
(855,1.319389659315738)
(398,1.3195553338492547)
(211,1.3195582161848838)
(786,1.3196995842301176)
(826,1.3199350496896456)
(260,1.319982215565167)
(438,1.320084779476374)
(840,1.3201758938997337)
(740,1.3202439030766355)
(466,1.3203431392671598)
(102,1.3204153343826104)
(897,1.3204213379673213)
(409,1.3204346150249842)
(884,1.3208097778656633)
(59,1.321030266677974)
(116,1.3211559328986162)
(476,1.321188123935199)
(816,1.3216240054704584)
(724,1.3216345743880573)
(796,1.3216533370920578)
(912,1.3217237509003608)
(420,1.3218911161170583)
(720,1.3220493290400925)
(78,1.3220937592339663)
(492,1.3225096221489652)
(360,1.32284202342954)
(67,1.322971145427469)
(621,1.3230068814987093)
(100,1.3231010209018708)
(617,1.3232448357080087)
(463,1.3235951021282097)
(293,1.3237756498127522)
(568,1.3242651249798352)
(183,1.3243697254900912)
(118,1.3243747764817497)
(347,1.3246370311048044)
(668,1.3246581209763997)
(460,1.324711528886643)
(577,1.3247155877833776)
(956,1.3248057547866814)
(90,1.3252234756879533)
(8,1.3255056210663003)
(960,1.3257064251823778)
(803,1.3257638137915613)
(502,1.3258435114327851)
(249,1.3260018043056523)
(595,1.3261682628541707)
(233,1.3262006675924123)
(468,1.3262759094511696)
(742,1.3263555339680855)
(654,1.3264746181455718)
(638,1.326626084026571)
(141,1.3268807185291573)
(56,1.3269923272934292)
(140,1.3270980764322564)
(863,1.3271323480635622)
(145,1.327222095115787)
(806,1.327339628544824)
(74,1.3275007738940918)
(241,1.3275322884933576)
(665,1.327570226434333)
(459,1.3276011694069807)
(50,1.3279778320809836)
(349,1.3282858129907404)
(135,1.3283134170087132)
(727,1.328397352244241)
(597,1.3284029332702467)
(967,1.3284632481333312)
(760,1.328493023924027)
(428,1.3286977709555334)
(876,1.3287167703788956)
(356,1.3287594655829256)
(124,1.328776446439681)
(643,1.3287997521256651)
(239,1.3288231822019612)
(153,1.3288526812249768)
(834,1.3288827937388785)
(681,1.3289609455098976)
(147,1.3293532702528958)
(368,1.329393682686746)
(30,1.3296000548960605)
(385,1.3300277740709758)
(104,1.3300426465750246)
(846,1.3301772062700266)
(883,1.330265199845887)
(934,1.3305057033275502)
(833,1.3310984951139855)
(334,1.331363017978831)
(20,1.3314857687223085)
(877,1.331527098803296)
(320,1.3315412844156007)
(603,1.3315944242203048)
(499,1.3316374328438376)
(440,1.331935791779985)
(358,1.3323713213951078)
(395,1.332378619674242)
(698,1.332384138294726)
(762,1.3324145011324224)
(259,1.3324544481866558)
(704,1.332613434956485)
(899,1.332826582951389)
(966,1.332937118104831)
(611,1.3330861820205875)
(423,1.333231146068361)
(192,1.3334496039429389)
(761,1.3334695058839017)
(885,1.3335049439950695)
(89,1.3335343682405452)
(115,1.333691676915943)
(999,1.3337472330226887)
(258,1.3338510540938397)
(201,1.3341932852886995)
(870,1.3342503393201606)
(45,1.3345630461121567)
(618,1.3346403480067277)
(691,1.334967868234895)
(601,1.334978627283304)
(752,1.335392877420717)
(791,1.3354364781548318)
(811,1.3355635925590434)
(730,1.3358061230700846)
(27,1.3358260609689208)
(248,1.3358324877709056)
(927,1.336218934003164)
(193,1.3362434068286146)
(44,1.3363100500809306)
(309,1.336393907133376)
(271,1.336440437637065)
(1,1.3364610836301924)
(546,1.3365003753090925)
(563,1.3366261560931505)
(254,1.33673957579336)
(705,1.3367414882650543)
(184,1.3376530082858693)
(35,1.3376891993705138)
(173,1.3376936730956264)
(37,1.337728295767141)
(656,1.338104957889988)
(83,1.3382871922612578)
(339,1.3383303595833513)
(461,1.3386959741634146)
(782,1.3388070742851435)
(243,1.338906465738819)
(107,1.339001275562781)
(390,1.339299430828542)
(242,1.3393102840056101)
(218,1.3394362368851092)
(963,1.3400890518486293)
(6,1.3403989380426875)
(503,1.340578569001062)
(256,1.3406114301191805)
(631,1.3410356717301744)
(607,1.3411869553935827)
(432,1.3414300743444734)
(837,1.341561913977059)
(341,1.3418200594544707)
(679,1.3418983183374393)
(407,1.3420356476653754)
(941,1.34212075433459)
(918,1.3425231843611298)
(216,1.3425308253712378)
(170,1.3425729413060594)
(531,1.3429728119912638)
(591,1.3431080789084024)
(255,1.343463195600293)
(566,1.3441429476360423)
(914,1.3445977699736578)
(169,1.344781552431703)
(92,1.3449864800736409)
(377,1.3450630971102215)
(307,1.345256504152723)
(955,1.3454654615482902)
(73,1.3454933340011443)
(758,1.345594200014377)
(24,1.345741108926647)
(682,1.3458822177366478)
(554,1.346060296284455)
(97,1.3460821216719145)
(418,1.3466684822515003)
(775,1.3468631932803554)
(895,1.3469180219063144)
(754,1.3469432708486684)
(839,1.347064645229729)
(689,1.347475230172089)
(750,1.3476103756763853)
(536,1.3476194484055404)
(634,1.3477209736398634)
(247,1.3481021634997186)
(860,1.348364908605612)
(573,1.3485538811809181)
(127,1.3487557414918814)
(346,1.348799309755986)
(399,1.3492469483410547)
(46,1.3492542530034026)
(624,1.3492548433246956)
(419,1.3496516813475778)
(743,1.3500148627879565)
(777,1.3500549048414765)
(506,1.3503875327557824)
(947,1.350673040339708)
(111,1.3507799710095123)
(971,1.3509141383903565)
(988,1.3509170112714124)
(317,1.3510400399659572)
(12,1.3511476895940546)
(392,1.3512112528518092)
(683,1.3514197557904641)
(755,1.351433207948481)
(354,1.351935403217812)
(487,1.3523485795508978)
(206,1.3525152611155489)
(977,1.3526177325023578)
(40,1.3526841358296355)
(60,1.3528862155832282)
(905,1.3529322900695846)
(93,1.3529353823157535)
(371,1.3529873141279243)
(854,1.3531255714981245)
(106,1.3533477689898152)
(393,1.3535796363092605)
(411,1.3538056711482824)
(557,1.3541758003890771)
(853,1.3543783993845384)
(246,1.3548025090762053)
(160,1.3550425680806442)
(376,1.3551074654125845)
(250,1.3558313260525752)
(648,1.3562715805616252)
(751,1.3565617335492108)
(441,1.3566398091457785)
(866,1.356806950479518)
(935,1.3568557937327885)
(851,1.3570603569032549)
(707,1.3574806419602738)
(524,1.357580765080236)
(653,1.3583361681074004)
(298,1.3583944263941639)
(801,1.3586840727464324)
(873,1.3588943960221045)
(207,1.358930771562388)
(908,1.3590919371762265)
(267,1.359245785516081)
(486,1.3596663007588166)
(559,1.3599348590064657)
(292,1.36000758161512)
(285,1.3601843409193826)
(808,1.360778759039867)
(415,1.3609001715363338)
(5,1.3613957337663833)
(455,1.3614514236871962)
(804,1.3615282932069055)
(288,1.3616593858287374)
(737,1.3617739334862546)
(94,1.3617939517580577)
(221,1.3620431908624946)
(581,1.3621817208851252)
(343,1.3624142699206303)
(225,1.3624844653994856)
(604,1.3627687585853465)
(49,1.3627985845566168)
(928,1.3630148654033014)
(952,1.363168677914029)
(550,1.3632193428575274)
(200,1.3634672917842423)
(235,1.3636265448143892)
(79,1.3637414856312662)
(973,1.3643622849866928)
(403,1.3651767900840113)
(177,1.3651828984132799)
(921,1.3655809764412803)
(672,1.3656821724001273)
(437,1.3658561013769452)
(783,1.365916890887248)
(940,1.3662690631523444)
(281,1.3663601617641736)
(904,1.3664784158959966)
(226,1.3675218381413228)
(361,1.367523680966802)
(987,1.3676180736520696)
(484,1.3677966060581908)
(824,1.3678112396024211)
(735,1.3681754059843787)
(470,1.3684193864421523)
(238,1.3687719393195004)
(787,1.3692165248165324)
(119,1.3695936571067702)
(954,1.3697231936660417)
(401,1.3697322023950758)
(545,1.3698902098728183)
(353,1.3704572463336915)
(996,1.370553037886614)
(108,1.3708938083251396)
(910,1.3709277851348773)
(289,1.3713430703459626)
(972,1.372034644480614)
(208,1.3720644013578642)
(152,1.373347187385783)
(433,1.3735293122067507)
(328,1.3736572985314621)
(521,1.3739313448479955)
(676,1.3739852303915334)
(901,1.3741980973092038)
(849,1.3747541105997199)
(770,1.37484380261606)
(219,1.3749405889144093)
(794,1.3754464883338888)
(911,1.375799139787171)
(151,1.376295855468661)
(48,1.376605026573646)
(519,1.3766875722191518)
(483,1.37693966715182)
(661,1.376943978485665)
(16,1.3777433311322624)
(919,1.3782211439050271)
(469,1.3785007125543656)
(331,1.3785217341445974)
(11,1.378676199878501)
(412,1.378751625617708)
(405,1.3788238741600034)
(114,1.379218252465943)
(424,1.3794978564880864)
(771,1.3796691011472983)
(552,1.3801919904776507)
(350,1.3802348014407644)
(623,1.3802482093251804)
(204,1.3810029502451888)
(444,1.3819505594056647)
(290,1.3832847216459616)
(882,1.3839389398866195)
(508,1.3844851570839547)
(847,1.3846752518750165)
(964,1.3847080035647565)
(453,1.3847337855768707)
(814,1.384911674334736)
(953,1.3851251479959252)
(262,1.3857872988137794)
(560,1.38607985480225)
(161,1.386236164953061)
(507,1.3864377302603195)
(671,1.3867053610224815)
(835,1.3867080333654025)
(702,1.3868606686381577)
(95,1.3874832983472931)
(467,1.38832080230545)
(294,1.3883542351983078)
(58,1.388505687959891)
(978,1.3887146016334249)
(268,1.3893643951401338)
(965,1.389451620877777)
(984,1.3897718885843409)
(949,1.3898978541923646)
(936,1.3899510951471479)
(647,1.390039987841847)
(713,1.3900677305734062)
(718,1.3903215554106252)
(421,1.3917987912813246)
(427,1.3921699937984935)
(609,1.3922023836782065)
(574,1.3926495336732685)
(765,1.3927192969336464)
(542,1.3932485221311868)
(196,1.3941126555771766)
(673,1.3944116857411057)
(439,1.3946388229715432)
(551,1.3956125588213029)
(757,1.3957170421225882)
(612,1.3960799011172649)
(202,1.3962414588009564)
(365,1.3967564530184138)
(880,1.3968911644221083)
(823,1.3971137106113363)
(852,1.397360103073282)
(416,1.3978185524333326)
(88,1.3981742854697572)
(729,1.398417128750834)
(590,1.3987363809668585)
(186,1.3988000759539687)
(449,1.3988953144801155)
(599,1.4000339322447086)
(137,1.4012538853064207)
(180,1.402262960810069)
(842,1.4025451399260789)
(734,1.4040787142484312)
(384,1.4040842222707786)
(869,1.4044138552876573)
(939,1.4047338984654785)
(690,1.4058044796627573)
(570,1.406159380998141)
(733,1.4068409246280786)
(841,1.4072507460100463)
(62,1.4075479313456565)
(482,1.4076635578008936)
(543,1.4078047817165995)
(632,1.4089870415976258)
(548,1.409134895222295)
(710,1.4099757520809109)
(633,1.4113323341815358)
(626,1.4139654451036527)
(637,1.4140569816168795)
(224,1.415305365080964)
(454,1.4160063488037868)
(903,1.417302712563839)
(756,1.4182847641526193)
(431,1.4192227886542614)
(352,1.420343547172668)
(709,1.4205360893692422)
(746,1.4211195853815555)
(378,1.4250851571618248)
(549,1.4252906731617347)
(179,1.4260458118457293)
(532,1.4267401644163176)
(402,1.4278745883709425)
(47,1.4284742071778804)
(14,1.429422867895189)
(278,1.4360439588955156)
(265,1.4366673573941526)
(456,1.4367695090399422)
(10,1.4396189548953824)
(39,1.4410531652825416)
(336,1.441589768002716)
(263,1.4419799957385948)
(628,1.4422421805621555)
(117,1.4436212319287272)
(228,1.4479411823466288)
(894,1.448002375968917)
(55,1.4507622409328913)
(886,1.4514950658454788)
(314,1.4518319000584785)
(451,1.4529541663998715)
(367,1.457965251802148)
(874,1.464345964771715)
(372,1.476986050589346)
(986,1.48001876373113)
(530,1.4849497383242583)
(84,1.4892584956053063)
(736,1.490527618646791)
(744,1.4982468841748353)
(848,1.5015252325242265)
(662,1.508734229059675)
(583,1.5133462564305578)
(123,1.533671956500915)
(382,1.5514913057137116)
(373,1.5833482743045473)
(714,1.9035986467773192)
