(716,0.9792800842772585)
(241,0.9804257329961428)
(616,0.9822824975582845)
(30,0.9830307136484381)
(586,0.9896261730456958)
(898,0.9950721367733509)
(125,0.9952680949561242)
(167,0.997149244449941)
(614,0.9975212552638957)
(270,1.0020385140252073)
(916,1.0025304652791445)
(717,1.0068319929318705)
(19,1.0077403215420717)
(841,1.0089807219970564)
(302,1.009099239058259)
(168,1.009856841458105)
(158,1.0105854866236992)
(71,1.0330577656810633)
(688,1.051330014898913)
(651,1.0596626928592725)
(253,1.06165167410182)
(130,1.064921438822731)
(465,1.0729695602706797)
(942,1.0736326139822048)
(156,1.077851439476599)
(526,1.0843663527613627)
(793,1.0874650821441127)
(694,1.0921411984301956)
(157,1.0931990592592782)
(443,1.098791001402641)
(280,1.1089996763237364)
(31,1.1141767911561427)
(405,1.1228797020697034)
(961,1.1232569325474366)
(359,1.1247337241985196)
(175,1.1254137117326108)
(128,1.1274531549776818)
(150,1.1327948262798535)
(615,1.1354414409711642)
(485,1.136030791635747)
(28,1.136832722750399)
(478,1.1380364052257868)
(500,1.1413898384325563)
(995,1.141412195119884)
(677,1.1423190773196772)
(981,1.1456130183445674)
(741,1.147480265840713)
(101,1.147887187794271)
(505,1.1489904599337983)
(767,1.1493248694242626)
(830,1.1494879300888143)
(458,1.1497570219125672)
(136,1.15678926708162)
(32,1.1574432471021756)
(856,1.1587541906809933)
(205,1.1649006179260328)
(871,1.1664293569957243)
(42,1.1680132400964678)
(513,1.1687805020505635)
(288,1.1693598817524444)
(126,1.173589039559152)
(91,1.1753278281502222)
(980,1.17962026993133)
(779,1.1830409914329745)
(592,1.1835846890155357)
(514,1.1853831370253525)
(685,1.1864746891681743)
(820,1.1867502325882906)
(194,1.1876368369991233)
(197,1.1887437212729386)
(575,1.188984458375249)
(282,1.1900988409155668)
(486,1.1906190175058866)
(75,1.1920933799999993)
(879,1.193144555305058)
(831,1.1938730620434996)
(464,1.1941092630611214)
(23,1.1947530346573065)
(504,1.1974098024717852)
(680,1.1974583502338378)
(442,1.203474647680714)
(784,1.2049445783018347)
(113,1.2058361596098393)
(968,1.2059774055924626)
(527,1.2066451700950616)
(580,1.2077009948184763)
(671,1.20863475395769)
(686,1.2096463914965325)
(446,1.2098285381616558)
(410,1.2111669802729277)
(333,1.2114353773164266)
(340,1.213050143518246)
(389,1.2171797842824472)
(307,1.2185619295277377)
(832,1.2185853842901564)
(220,1.2188121827858291)
(311,1.2189550910625353)
(82,1.220145469859248)
(658,1.2213183150439377)
(55,1.2218414395386323)
(605,1.222035240049389)
(778,1.2229920091644726)
(237,1.223564287076094)
(817,1.2238703831257907)
(766,1.2239430487909828)
(598,1.2248421499318998)
(172,1.224904908028435)
(966,1.2249292711496627)
(948,1.2252142015612013)
(907,1.2261393717396598)
(518,1.227899956080204)
(711,1.2289065800144732)
(232,1.2296628415859763)
(300,1.2303854086867483)
(602,1.2321457949171608)
(749,1.2321950334130654)
(989,1.2338508590947554)
(191,1.2339010535557895)
(536,1.2342131971685923)
(558,1.2350819749571333)
(857,1.2356200239857646)
(781,1.2361962454496125)
(361,1.2364097061676849)
(584,1.2365270163129323)
(63,1.2369635072988285)
(316,1.2382908444674556)
(21,1.2394801929128194)
(244,1.240946038188813)
(272,1.2415059206813364)
(344,1.2422103502492983)
(816,1.2423885096320315)
(731,1.243664965331972)
(174,1.2441301784644132)
(121,1.244820756786198)
(764,1.244918569583961)
(64,1.2469385400281316)
(6,1.2472676280759714)
(865,1.2476105636979773)
(909,1.2482546716908307)
(991,1.2486116556506048)
(7,1.2488091215152015)
(940,1.2497387072903017)
(567,1.2498006326154345)
(796,1.2501821191823994)
(310,1.2510040805296831)
(105,1.2515915786693583)
(183,1.2523237474945412)
(553,1.252627784252975)
(103,1.2527227640349983)
(809,1.252989130750592)
(695,1.2530552622773738)
(54,1.2537664358180927)
(20,1.254208082813065)
(593,1.2543179056033165)
(881,1.254892424574156)
(22,1.2552824604354254)
(548,1.2564124267299699)
(644,1.2566330334843674)
(674,1.2570285857160859)
(332,1.2571883275457096)
(229,1.2572369624355562)
(206,1.257697899096733)
(73,1.2585147451271537)
(484,1.2587473067657171)
(195,1.2590764353068493)
(818,1.2599616172484427)
(833,1.260225614835357)
(613,1.2605180179151403)
(364,1.2606084660490613)
(366,1.2607790623371826)
(178,1.2608337118824615)
(274,1.260841983298733)
(426,1.2609654543309683)
(906,1.261466690447317)
(636,1.2618949186176065)
(581,1.2622127802492629)
(669,1.2622901515266265)
(148,1.2624049333371328)
(753,1.2626854763097337)
(404,1.2628823641950768)
(938,1.2636357686211463)
(812,1.2642556008509436)
(306,1.264592223513298)
(129,1.2646421762838849)
(322,1.264876870421666)
(182,1.2650458767694)
(217,1.2650604898413997)
(159,1.2653981855608032)
(4,1.2654453028220245)
(838,1.265647864823942)
(896,1.2659817830485658)
(152,1.2661455637707983)
(142,1.266565611333524)
(945,1.2666246710415208)
(589,1.2668713427914853)
(828,1.266974990661565)
(655,1.2677129130518623)
(640,1.2677696045535847)
(185,1.2678875847578828)
(278,1.2679883432698735)
(959,1.2680032459221025)
(543,1.2682621234691538)
(133,1.268290733899429)
(699,1.268462980571989)
(422,1.2685615227353984)
(430,1.2690793000418088)
(466,1.2693821577371174)
(529,1.2697106911663196)
(266,1.2697549534037045)
(646,1.2698968083966742)
(958,1.270132755182645)
(687,1.2706175498786725)
(510,1.270655270723231)
(517,1.2713102446153883)
(983,1.271541290133178)
(116,1.271618313894647)
(645,1.2719924041815958)
(872,1.2720099510940328)
(356,1.2725339350649878)
(355,1.2725835284570843)
(188,1.2726157477567408)
(925,1.273357283418239)
(87,1.2737231731251635)
(342,1.273740024364117)
(752,1.2738206463357005)
(25,1.2742949281937441)
(370,1.2743806276705678)
(61,1.274832982176202)
(97,1.2754288522462183)
(323,1.2756323355419956)
(299,1.2757066165863666)
(665,1.2757663809891853)
(78,1.275889113096915)
(596,1.275981593981207)
(748,1.276376705477081)
(222,1.2764248937822522)
(933,1.2767617833172626)
(578,1.2771504365410238)
(122,1.2778374560335617)
(920,1.278039726242163)
(284,1.2785126332041101)
(134,1.2786964038070248)
(98,1.2789173588707834)
(386,1.2789506577572287)
(988,1.2791860904578134)
(496,1.2795467534854952)
(834,1.2795494675383297)
(982,1.2797257421407224)
(814,1.280133288607818)
(810,1.2805769290958713)
(491,1.2809585908358778)
(844,1.2810231389821143)
(164,1.2814888587792281)
(252,1.281755623099008)
(57,1.2821527360973173)
(275,1.2823157748021037)
(657,1.282382742942015)
(357,1.2825097276632786)
(56,1.2826026544143516)
(620,1.2826259049545545)
(77,1.2827134468828292)
(181,1.2830966250570328)
(652,1.283521900628665)
(776,1.2838096083568173)
(295,1.2838117051317777)
(993,1.2839160335929962)
(387,1.2839697836741784)
(46,1.2839931312803083)
(534,1.2845450404996404)
(579,1.2846067730524893)
(490,1.2849444405649462)
(845,1.2851149210589694)
(822,1.2852851007133732)
(376,1.285443773763197)
(937,1.2856833189178478)
(608,1.285832815344185)
(109,1.2858541134426775)
(173,1.2858597568265921)
(38,1.2862200533043278)
(120,1.2862489157161094)
(313,1.286766122434716)
(663,1.2871394413273558)
(859,1.287502889895282)
(720,1.2876782633171595)
(110,1.287743770524931)
(85,1.2882618405071669)
(571,1.288541778913373)
(692,1.2886647134423337)
(118,1.2887106202428316)
(145,1.2887569793580473)
(432,1.2893045525159834)
(127,1.289340686512876)
(413,1.2893641296473883)
(679,1.289392197080852)
(848,1.2895925734578428)
(631,1.2896500221481129)
(102,1.289756275145504)
(630,1.2898001947582727)
(821,1.289967472752529)
(261,1.2900160343505207)
(210,1.2900968722787842)
(76,1.2902938987904102)
(539,1.290559624510947)
(352,1.2908880388110153)
(2,1.29119447092663)
(259,1.2913733444065651)
(668,1.2914198023836243)
(524,1.2915061086814232)
(715,1.2915642382650452)
(576,1.2918147824441377)
(18,1.2920509777465317)
(725,1.2920682174571798)
(394,1.2925878803232105)
(236,1.292588518825457)
(3,1.2927272514921777)
(862,1.2927461934207853)
(703,1.2929786623030235)
(922,1.2931974967064706)
(515,1.2933421489737957)
(448,1.2936137530226275)
(745,1.2937433711946131)
(587,1.293748509709215)
(9,1.2938042028282912)
(497,1.2938640668349926)
(385,1.2938878676090926)
(890,1.2939655189640829)
(525,1.2940624985978935)
(345,1.2941317555729859)
(209,1.2941776946741148)
(106,1.2942034063394006)
(877,1.2942116530723453)
(72,1.294448589652199)
(351,1.2945182375342719)
(243,1.294758774103621)
(769,1.2949730561832788)
(670,1.2949761834385891)
(774,1.295002186433057)
(51,1.295328419843689)
(256,1.2953444190167032)
(728,1.2954521651299682)
(138,1.295660819591152)
(381,1.2956990533207102)
(502,1.2957958438663038)
(780,1.2960537112265884)
(399,1.2961878966586695)
(408,1.2962929522251294)
(321,1.296392406096622)
(1,1.2967010591869588)
(447,1.2968516160908161)
(338,1.2968856786110892)
(562,1.2970431289491955)
(827,1.2974574113922193)
(708,1.297572543015361)
(41,1.2977576084658096)
(900,1.2979412951188047)
(276,1.298115985054417)
(240,1.2982092931621536)
(712,1.298237976854779)
(926,1.298270990922947)
(855,1.2984414200909973)
(176,1.2985374203014743)
(946,1.298624164184767)
(544,1.2986366297781202)
(722,1.2988727766978416)
(291,1.29937380765357)
(538,1.2995304984670413)
(155,1.29957177576311)
(481,1.2995797620252039)
(979,1.2996079892307904)
(296,1.2997333604169063)
(883,1.2997609200892977)
(16,1.299792475558918)
(317,1.2997994567108786)
(287,1.3002494163974836)
(892,1.3002737064746228)
(840,1.3003685704052799)
(691,1.3004175608435709)
(472,1.300651943599117)
(750,1.3007446982554234)
(738,1.3008766713883593)
(874,1.300950650483185)
(139,1.3013542820778143)
(227,1.3018312636334874)
(208,1.301962066811513)
(305,1.3020903543225957)
(888,1.3022305592662051)
(719,1.302231866732289)
(92,1.302620626486818)
(192,1.3026371218687065)
(908,1.3026558717384569)
(369,1.3027309869194021)
(826,1.302751251887319)
(868,1.3029658019691168)
(795,1.30302906603741)
(13,1.3031900693559335)
(572,1.3036412928719763)
(654,1.3038920365609856)
(806,1.3042795438305885)
(417,1.304525065073337)
(475,1.3045810801572424)
(696,1.3046058855690104)
(463,1.3047470708684186)
(682,1.30478954950183)
(878,1.3048021184752847)
(701,1.3048253962875365)
(251,1.305174011013571)
(100,1.3051865503138014)
(334,1.3053535054971876)
(985,1.305382243714383)
(512,1.3054222772428257)
(171,1.3054635103792054)
(213,1.3056650683682478)
(839,1.3058233618830222)
(929,1.305941971079431)
(438,1.3059650253185429)
(555,1.3059822271494355)
(724,1.3059848326338694)
(436,1.306008531312637)
(732,1.3060721118099454)
(619,1.3065062218974985)
(233,1.3065560663345746)
(801,1.30666855820883)
(383,1.3067544690884425)
(445,1.3069868621443674)
(428,1.3070779927457017)
(304,1.3075302048704325)
(934,1.3076320029623638)
(27,1.3077206418395804)
(740,1.3080032507204318)
(83,1.3080737000019702)
(249,1.308190423378464)
(932,1.3082767824465704)
(585,1.3083211287008745)
(239,1.3084733691404096)
(146,1.3085101381239714)
(595,1.3086154091470956)
(479,1.3086531349341735)
(283,1.3089233841797603)
(498,1.3089252497011599)
(569,1.3089823705919474)
(483,1.30909002748648)
(785,1.3092744836196029)
(70,1.3092789057252967)
(556,1.3094793979108303)
(974,1.3095853210693515)
(931,1.3097021039768832)
(698,1.3098368025291043)
(913,1.3099005444194238)
(348,1.310445569780702)
(642,1.3104554540009177)
(457,1.3107580991337682)
(477,1.3108895030006877)
(805,1.3110159866312656)
(659,1.3112910263969146)
(44,1.3114289547336067)
(331,1.3114564600183896)
(409,1.3118049286458517)
(96,1.3119315464523427)
(435,1.3121385977912927)
(65,1.3122193054092077)
(301,1.3122737224648522)
(375,1.3123728183720906)
(93,1.312553162897565)
(36,1.3125814026397933)
(362,1.3126629691644418)
(954,1.3126788659334214)
(876,1.3127199623290964)
(471,1.3128083473021457)
(649,1.312865305290344)
(353,1.3130141564345323)
(798,1.31315694239795)
(108,1.313338709446905)
(604,1.3133653937531085)
(401,1.3135100410043283)
(154,1.3135319559337653)
(641,1.3136037704661496)
(912,1.313636477972101)
(312,1.3137647437182087)
(824,1.3138552442247524)
(537,1.313873153721425)
(975,1.3138959590613426)
(493,1.3140077617573198)
(499,1.3141398148843164)
(309,1.3142767445598122)
(678,1.3145992316086823)
(606,1.3148724103410552)
(135,1.3149745660360221)
(956,1.3149918730539705)
(200,1.3150865511753491)
(739,1.3152294145571317)
(407,1.3153492667344324)
(459,1.315376158858896)
(664,1.3156300501735787)
(452,1.3157735010015066)
(80,1.315793895618785)
(286,1.3158681586384977)
(242,1.3160033901264656)
(247,1.316241042820729)
(811,1.3164236359880235)
(189,1.316580233855136)
(35,1.3167177296334025)
(160,1.3167654413380567)
(388,1.3168831516528037)
(374,1.3169659696627563)
(609,1.3170021385919288)
(81,1.317032196638464)
(250,1.3170538975380477)
(238,1.3171954455366428)
(730,1.3172522791205514)
(15,1.3176417332696881)
(318,1.317754276920405)
(751,1.317807211035364)
(800,1.3178854185937612)
(263,1.3181579063310143)
(610,1.3181968090998277)
(255,1.3182904123313337)
(565,1.3186061597108856)
(461,1.318637277868112)
(349,1.3186394006926807)
(684,1.3186412205757487)
(68,1.3187461241973868)
(379,1.3189289355715526)
(341,1.3190915309455475)
(607,1.319147181721814)
(815,1.3191562929711325)
(802,1.3192799860166968)
(149,1.3195996046423548)
(564,1.3196662408226707)
(234,1.3197545663382024)
(480,1.3198300295867706)
(944,1.3199290218638677)
(69,1.3199646215767133)
(588,1.3199851687950717)
(337,1.3203021973071714)
(930,1.320383578407314)
(303,1.3204369880860674)
(895,1.3204550330827027)
(43,1.3205059501912082)
(473,1.3205343896627837)
(212,1.3205676062911345)
(324,1.3207900541620894)
(112,1.3209547608082914)
(546,1.3211336803629812)
(45,1.321202846138913)
(955,1.3213891009222263)
(915,1.3214074457964093)
(884,1.3217255043338416)
(271,1.321953927204855)
(893,1.3220621372560746)
(577,1.3224659580119735)
(965,1.3224935738225625)
(17,1.3227106397677466)
(424,1.3227755968491912)
(254,1.3228538725003183)
(269,1.3229935242686304)
(95,1.323182742030788)
(354,1.323523745463693)
(289,1.3236311271617491)
(557,1.3236698986331088)
(180,1.3237184900616275)
(889,1.3237725169250125)
(50,1.324275995063303)
(398,1.3243356310542589)
(573,1.3246035186209173)
(391,1.3247171605985668)
(997,1.3250234762609223)
(414,1.325102225381159)
(214,1.3255401164387492)
(643,1.3257105378291887)
(329,1.3258170378055245)
(773,1.3259284328409118)
(187,1.3262319422979612)
(875,1.3262700133129361)
(597,1.3263789609181635)
(921,1.3269932284659613)
(5,1.3270095145206169)
(402,1.3270195297893077)
(873,1.3270477213482115)
(697,1.3272839217742527)
(902,1.327802125986401)
(368,1.327835433669115)
(744,1.3280559355912733)
(34,1.328122632882423)
(962,1.328323883750868)
(760,1.3284485749051618)
(107,1.32872627848213)
(992,1.3288699006011668)
(522,1.3288833960205413)
(897,1.3289576127652807)
(516,1.329049851552352)
(788,1.3291943524024492)
(488,1.329546631243187)
(713,1.3295646773377732)
(742,1.3296665969970396)
(418,1.3297038229527396)
(960,1.329908302552768)
(808,1.3300292886867298)
(813,1.330337461723477)
(790,1.330421509583034)
(441,1.3306173715544256)
(223,1.330708037271929)
(365,1.3307869544612396)
(721,1.3312825307474978)
(861,1.3313029619578367)
(625,1.3313141339320904)
(535,1.331434560815577)
(86,1.331688091657277)
(474,1.3317930035192447)
(757,1.3318003257914408)
(74,1.3319801659815542)
(765,1.3320440687048227)
(94,1.332085767791987)
(675,1.332764216197518)
(395,1.3333680136818609)
(970,1.3334972696618244)
(24,1.3335608505173933)
(853,1.3335883101581814)
(273,1.3336320153738288)
(885,1.3336320912980393)
(163,1.333703408426898)
(403,1.333921778983377)
(864,1.3339243961324987)
(709,1.3339602758661764)
(941,1.334057475691361)
(747,1.3343204204437424)
(320,1.334385625759361)
(494,1.3351042061187441)
(568,1.335206742504326)
(201,1.335329829745692)
(943,1.3354498562626387)
(601,1.3356623846072406)
(866,1.335686204087853)
(358,1.3358015695081498)
(617,1.335826006939049)
(419,1.3360889216121992)
(733,1.3360991130845463)
(431,1.3363598482731087)
(574,1.3363781911674892)
(791,1.3364146043765315)
(905,1.3365520999606202)
(406,1.3367329306245768)
(635,1.3368210867529464)
(339,1.3371113672438522)
(79,1.3371769805635987)
(199,1.3372671190142198)
(325,1.337285635627045)
(53,1.3374363260070126)
(519,1.3375213297112816)
(547,1.337623202923553)
(347,1.3381748647830536)
(468,1.3382906195129805)
(772,1.3385077114346524)
(786,1.3385578470913775)
(803,1.3385894774472824)
(707,1.3385934665678323)
(49,1.338655803351242)
(623,1.3386641484687019)
(257,1.3388100172073094)
(799,1.3390665749168433)
(179,1.3390801746599854)
(918,1.3391132460330686)
(454,1.3394031383154454)
(380,1.3394364479710412)
(277,1.339590338369896)
(434,1.339993519662514)
(977,1.3400565367553383)
(911,1.340066762461359)
(371,1.3401530774632215)
(420,1.3402760082772456)
(540,1.3403652479892176)
(230,1.3406657607417192)
(143,1.3406777896653148)
(735,1.340818578223722)
(599,1.3412029678300177)
(755,1.3413577982301017)
(131,1.3413853641647415)
(346,1.3415581959685388)
(523,1.3416196778744942)
(392,1.3418586105444628)
(647,1.3418884672915194)
(917,1.3419640459338293)
(963,1.342008395248745)
(545,1.3420384918364747)
(882,1.342085561530314)
(794,1.3422326339346085)
(315,1.342261683882976)
(211,1.3422766233569896)
(976,1.3424215098145318)
(460,1.3424863331793209)
(467,1.3425223388292697)
(169,1.3428105640888488)
(972,1.3431176511210838)
(702,1.3431506158205382)
(854,1.343150849765758)
(860,1.3434133664058139)
(836,1.3435262017485665)
(119,1.3435480845945198)
(994,1.3442917477432437)
(797,1.3443633001631785)
(829,1.3443921786253943)
(761,1.3445738379245045)
(503,1.3445778803316388)
(290,1.3446837111061591)
(511,1.34496613241759)
(265,1.3449972078334629)
(914,1.3450605385847625)
(554,1.3450806745993795)
(111,1.3451227750855845)
(425,1.3453337688081513)
(221,1.3453575245592786)
(26,1.345672246233972)
(115,1.3457498079896704)
(450,1.3457889464798318)
(910,1.345992340594502)
(294,1.3459993727551638)
(951,1.3461061911917331)
(170,1.3462879162605217)
(969,1.346484233867686)
(268,1.3466045622643805)
(470,1.3467113572105511)
(427,1.346823510150909)
(787,1.3475854602588926)
(650,1.3476305644550601)
(153,1.3476589909710939)
(777,1.3477501178883453)
(949,1.3478007587127219)
(281,1.348217475748553)
(935,1.348223012146889)
(423,1.3483753476425882)
(520,1.3484105284176302)
(10,1.348416906490091)
(843,1.3484590836893393)
(293,1.348674929922041)
(923,1.3487060840617486)
(590,1.3487395762624952)
(987,1.349054408904849)
(492,1.3491394837187358)
(783,1.3494523278919242)
(683,1.3495579005969143)
(372,1.3495976343332843)
(521,1.3497873702198568)
(996,1.349939123044174)
(90,1.3499431777293769)
(335,1.350046153129738)
(550,1.350603662004449)
(360,1.350618328343557)
(887,1.3508075536446322)
(618,1.3508512170927611)
(327,1.3508917368300541)
(489,1.3510418123830206)
(531,1.3510502972377656)
(124,1.3510931712617102)
(837,1.3511354577201875)
(476,1.3511680534532355)
(737,1.3511703210752544)
(927,1.3513798331328828)
(397,1.351395237872368)
(59,1.3516878720719367)
(621,1.3517544215875112)
(549,1.3518294067796495)
(705,1.3518519074866626)
(37,1.3519938685906285)
(326,1.352010464428265)
(40,1.3520370301804294)
(390,1.3524943154710318)
(421,1.352536199527381)
(743,1.3531503279241206)
(166,1.3535134138322407)
(29,1.3535183180870656)
(509,1.3535257227900785)
(144,1.3537069946035076)
(411,1.353834096442524)
(377,1.3540437111686576)
(639,1.3541663493439609)
(400,1.3544122494208346)
(218,1.3548335436574035)
(235,1.3548969709836782)
(624,1.3550213865434333)
(667,1.3550560567486987)
(899,1.3557059276040888)
(449,1.3560573883527358)
(823,1.3561820115995895)
(689,1.3564321293867487)
(384,1.3569171768105261)
(653,1.3570105729168556)
(455,1.357270370084717)
(552,1.3573096754339133)
(846,1.3575823615728977)
(690,1.3579613387749925)
(245,1.3580982751064192)
(637,1.3588089583396126)
(903,1.3588244432135956)
(285,1.3588702468067484)
(224,1.3590675613101486)
(216,1.3591084479286588)
(661,1.35910934449988)
(350,1.3592474855492027)
(60,1.35939491048356)
(919,1.3599831169462346)
(506,1.3602554904283308)
(439,1.3603287430488593)
(533,1.3605018748163031)
(215,1.3608772662792201)
(984,1.3612691375764085)
(542,1.3613309004211267)
(343,1.361749450199769)
(998,1.3617520511246943)
(756,1.36224776117882)
(928,1.362281535644389)
(248,1.3624388720928877)
(162,1.3624777979403453)
(611,1.3626974184922447)
(62,1.3627893379720142)
(319,1.3630787019344495)
(177,1.3631818092502381)
(762,1.3632163561400394)
(207,1.3633043875067643)
(469,1.3638637286671373)
(541,1.363985932448871)
(559,1.3640314600813)
(147,1.3643025987017716)
(501,1.3648574359122885)
(262,1.3648757538498486)
(953,1.3649619116832747)
(196,1.3657558614473768)
(904,1.3660239818534843)
(723,1.3661995780534222)
(746,1.3662435865927018)
(11,1.366696352044645)
(622,1.3666977986885442)
(308,1.3669440052864277)
(863,1.3671626722181534)
(656,1.36786396243335)
(378,1.3680974751123711)
(632,1.3684465809730033)
(203,1.3685261395759056)
(638,1.3686923797414026)
(681,1.3688787535751734)
(292,1.3699667922039125)
(582,1.3700520662930868)
(258,1.3701358382885123)
(415,1.3702268694250506)
(804,1.3703438698192154)
(393,1.370633718340114)
(676,1.3708532488980263)
(950,1.3710289277661334)
(770,1.3718983857934988)
(88,1.3720092449285255)
(67,1.372093763972901)
(508,1.3724312155771448)
(444,1.3727908220833944)
(852,1.3728497047816675)
(600,1.3731477718198832)
(648,1.375337811116937)
(267,1.375800626866171)
(440,1.37592444491551)
(612,1.3761502566483954)
(226,1.3764601328660118)
(768,1.3766229341804457)
(880,1.3768322448326666)
(58,1.3769709080202224)
(566,1.3771190550137506)
(700,1.3774143135185688)
(729,1.377628074563454)
(190,1.3778340359843912)
(141,1.3778499738583563)
(847,1.3779041016320377)
(39,1.377994443551221)
(551,1.378172889186436)
(952,1.37895492141529)
(48,1.3791035975399295)
(869,1.379447777904996)
(219,1.3796441485926223)
(437,1.3799038951530918)
(850,1.3805727374404126)
(736,1.380764287716278)
(412,1.3810651270740733)
(967,1.3814495952782875)
(52,1.3815536343352524)
(563,1.382383853974647)
(754,1.3843574662503637)
(807,1.384496593133299)
(706,1.3851393583740328)
(835,1.385614222465862)
(673,1.3856504109388657)
(507,1.3857415277584733)
(453,1.3860673930779568)
(936,1.3861711162875874)
(193,1.3863956563273874)
(973,1.387351442220662)
(482,1.388873404082605)
(532,1.3889727300660504)
(999,1.390335018220043)
(775,1.3903921768356444)
(763,1.390792406765948)
(842,1.3912242878878054)
(894,1.3915941036780868)
(246,1.392373323186946)
(603,1.3923783413972508)
(328,1.3928270927680444)
(228,1.3932399504655175)
(140,1.3937636035144783)
(634,1.3942750919437483)
(8,1.3943884991576037)
(734,1.3948611146799366)
(867,1.395397041177982)
(433,1.3958632151442798)
(186,1.3959492037252395)
(947,1.3966020465019198)
(137,1.3971965840433491)
(114,1.397263938398838)
(117,1.3973415364513555)
(870,1.398563434050188)
(628,1.3991769656678301)
(901,1.4000163998382198)
(416,1.400508590693239)
(727,1.4007863900831343)
(583,1.401895585109204)
(530,1.4024958978343098)
(184,1.4027999533097186)
(978,1.4030332470895763)
(662,1.4043288315615086)
(819,1.4054933906590816)
(591,1.4118087375942934)
(336,1.4125549639849235)
(204,1.4134903932116378)
(666,1.4144479882692884)
(487,1.4173543384600287)
(758,1.4182941400581612)
(202,1.4212231581221595)
(971,1.4236338129998667)
(672,1.42367921104712)
(456,1.4242637559976856)
(710,1.4294919420292733)
(851,1.4295356409041025)
(314,1.431229038572391)
(84,1.432287304352413)
(367,1.4327098793891753)
(704,1.432938973764874)
(986,1.4337599521614015)
(89,1.437310738974055)
(298,1.4377723778225577)
(151,1.4378987419238924)
(12,1.4395674848269997)
(629,1.4423253978251418)
(260,1.442848152483519)
(718,1.4443185323415368)
(886,1.4470950388052013)
(14,1.4488767460641876)
(161,1.4535540889156513)
(104,1.458499610178319)
(570,1.462884058832573)
(560,1.4635770543041828)
(964,1.468550601002595)
(939,1.4689065741672431)
(225,1.47281624420626)
(633,1.4848274552771865)
(782,1.4919536633067625)
(451,1.5057898467389255)
(123,1.5121541894603718)
(789,1.5175814247321737)
(771,1.5210367617013003)
(47,1.5266907012592579)
(626,1.5297282019509513)
(382,1.5400157328932615)
(849,1.6849051446567205)
(714,1.8895308936223483)
(373,2.074127828902097)
