(717,0.9571134095577365)
(19,0.9730405434428594)
(270,0.9933446115498388)
(916,0.9985687452981035)
(71,1.0092040641583904)
(125,1.009663581004594)
(898,1.0346711703260119)
(302,1.0477906917182953)
(168,1.0478068718281968)
(651,1.0712249703841694)
(526,1.0927429238036652)
(158,1.0937389355538873)
(156,1.0951656963527716)
(253,1.1033518848800785)
(443,1.1137423838213905)
(688,1.1173360064280466)
(167,1.1248730360893995)
(793,1.1311343040107036)
(694,1.1324501429852332)
(942,1.14240381225696)
(128,1.1425792610726146)
(32,1.1428899885618602)
(157,1.145777032450664)
(981,1.1500168573082976)
(505,1.1564160991839503)
(280,1.1601356713005342)
(130,1.1611748143849634)
(995,1.16245805329705)
(614,1.1634401669032286)
(465,1.164691229290327)
(282,1.1691081665398881)
(28,1.1702625535203748)
(605,1.180408039885155)
(42,1.1839853078510925)
(592,1.1858753896878569)
(685,1.1882585019612264)
(598,1.1918253451261716)
(663,1.1931566131029103)
(500,1.193260056989498)
(832,1.1936448003720357)
(7,1.1938048280462001)
(404,1.1948057868274506)
(948,1.1964220032553936)
(181,1.198994596095991)
(233,1.2003717525157138)
(514,1.2004051009526946)
(961,1.2010462418017043)
(820,1.2015036473630634)
(91,1.2018013998422221)
(101,1.2024604123073215)
(54,1.2026576121656716)
(830,1.203273129222333)
(178,1.2046454762753602)
(748,1.2064007118555917)
(134,1.206585916216356)
(909,1.2082695525506466)
(968,1.2088629398889377)
(767,1.209443898615247)
(98,1.2107135643871154)
(619,1.2120208514408506)
(217,1.212739782177738)
(364,1.2148090300661247)
(150,1.2155049802087536)
(485,1.216280050045715)
(410,1.2165311579734168)
(586,1.2197811008969375)
(534,1.2202851000109827)
(859,1.2214603835809879)
(386,1.223312556172528)
(989,1.2234414411704637)
(172,1.2239573380598217)
(983,1.2240465574992665)
(342,1.2251121954721742)
(723,1.2254132531868722)
(558,1.2255052720203647)
(985,1.2271377292037067)
(110,1.2293992980950015)
(187,1.2302617354163923)
(642,1.2303999708821731)
(711,1.2307550443511528)
(3,1.2309074556300847)
(699,1.231407528931876)
(497,1.2314141317348797)
(923,1.2315646010349357)
(695,1.231573577943609)
(753,1.2323155544640212)
(527,1.2324322947015571)
(810,1.2336237234493717)
(77,1.2340201100085415)
(464,1.2342330302004143)
(843,1.2348058388017458)
(677,1.2348403037771694)
(370,1.2348403122274203)
(2,1.2352957336693744)
(220,1.2353452451246678)
(472,1.235729623750497)
(321,1.235950915074257)
(790,1.2360494931401793)
(319,1.2374440055183982)
(819,1.2381486966066788)
(584,1.2383215744529)
(896,1.238640505568758)
(359,1.2386502831590274)
(784,1.2387128123865543)
(692,1.2388991746573033)
(57,1.2391228368200802)
(578,1.2393799844973032)
(938,1.2399975517877717)
(856,1.2407829996066688)
(82,1.241420410460482)
(781,1.2427021216686693)
(300,1.2427723778616095)
(959,1.2429756372662901)
(362,1.2430995873738617)
(857,1.2431557483925657)
(38,1.2435644441416946)
(865,1.2437046497716113)
(538,1.2437283326745991)
(155,1.2438759489274347)
(348,1.2440055558047765)
(345,1.2440979037252677)
(686,1.2441928483209028)
(283,1.2445686903881188)
(126,1.2447463162577677)
(664,1.2449638176226965)
(738,1.2455304747296938)
(379,1.2455903317415296)
(312,1.2456280580619212)
(301,1.2464142620250764)
(541,1.2466764338494105)
(291,1.247439100761619)
(635,1.247562091562509)
(414,1.247914884508382)
(769,1.2492987371104123)
(51,1.2494632960008925)
(766,1.2517130689035283)
(227,1.252081129555042)
(652,1.2524999714419311)
(728,1.2526611674401047)
(174,1.2526736500086713)
(721,1.2527783622539785)
(610,1.2531320287016114)
(383,1.2536927734454384)
(435,1.253715243575821)
(727,1.2541811592412055)
(658,1.2547346044379801)
(277,1.2548117751339625)
(103,1.254908480500661)
(979,1.2552502189538806)
(307,1.2554707191882701)
(958,1.2556088604710425)
(496,1.2556971952524774)
(458,1.2557327730206893)
(504,1.2558282019687652)
(164,1.2559154668967338)
(145,1.25602373423569)
(244,1.256212522567699)
(585,1.256275389554728)
(606,1.256338951508076)
(715,1.2569408721845994)
(644,1.2570618231332584)
(567,1.2572308422716656)
(85,1.2573376804673042)
(471,1.2577314345171287)
(907,1.2578061621258894)
(630,1.2582928053995655)
(344,1.2583617731526306)
(322,1.2584201605614271)
(313,1.2584819013487618)
(64,1.2587758035663168)
(930,1.2593832340672937)
(299,1.2594134993556663)
(275,1.2595990127947534)
(575,1.2602827814216382)
(129,1.260404509014147)
(188,1.260445552190312)
(209,1.2606472786350729)
(944,1.261390068204642)
(25,1.2615880096638077)
(779,1.2616208782739844)
(650,1.2616314635001749)
(745,1.261633664030338)
(780,1.262032970423387)
(778,1.26221565548054)
(100,1.2625885030547352)
(442,1.2630281080154393)
(937,1.2630577139579802)
(838,1.2631416692346633)
(562,1.2632135120079586)
(654,1.263561412451351)
(69,1.2636273622937508)
(906,1.2637316390909314)
(388,1.264021214954923)
(446,1.2640351938050798)
(749,1.2640787632472186)
(535,1.264221391951903)
(229,1.2642596368317711)
(338,1.264349858827035)
(426,1.2645780115559089)
(602,1.265192058800626)
(932,1.2653562857469518)
(513,1.2653820523533081)
(287,1.2654180047622396)
(31,1.2654827658857153)
(815,1.2655186016913977)
(933,1.2663645856507166)
(620,1.2666171256289565)
(798,1.2666528765682428)
(222,1.267005237093456)
(413,1.2670150691091293)
(295,1.2670440139014445)
(23,1.2675757284111193)
(138,1.2682413969135198)
(400,1.2682693019499642)
(68,1.268338263770494)
(844,1.2687009796179711)
(175,1.268712387707224)
(646,1.2687445523842542)
(215,1.2690066910847473)
(669,1.2693715468297062)
(63,1.2698639886439367)
(862,1.2699676312685702)
(525,1.2702637875517604)
(616,1.270591776980372)
(722,1.2709100476572686)
(788,1.2709469934868631)
(308,1.2710641668611626)
(732,1.271196963773213)
(974,1.2714726208658431)
(818,1.2719410913900258)
(774,1.27208335609807)
(311,1.2724792818856714)
(182,1.2728090697307999)
(565,1.2728558727983796)
(457,1.2732426518522795)
(337,1.2733438931301113)
(195,1.2733613560140438)
(333,1.2736960709278076)
(445,1.274148293626848)
(512,1.2741810714153057)
(251,1.2741837733336394)
(491,1.2745832725735937)
(522,1.2746455096185314)
(888,1.2746511393562334)
(900,1.2748181065457913)
(902,1.2749874622367334)
(802,1.2750173064961503)
(696,1.2752411879229695)
(212,1.2759080395115514)
(926,1.2763702603139009)
(266,1.2764289631273062)
(931,1.276907402321781)
(569,1.2770663058422338)
(191,1.2771299920354584)
(868,1.2772155921898414)
(640,1.2774549630426288)
(197,1.2774556029030293)
(680,1.277724281281992)
(925,1.2777270789232507)
(109,1.2778196608597565)
(185,1.2778487824837095)
(232,1.2782869003462494)
(547,1.2784841989278493)
(881,1.279282393305568)
(613,1.279316097414029)
(478,1.2793555955140263)
(809,1.2795016304581168)
(22,1.2796238347160287)
(15,1.2803275273507146)
(845,1.2805128011947322)
(490,1.280534232273077)
(608,1.2805620272184104)
(274,1.2806970330571312)
(154,1.2808561876976439)
(430,1.2810787726399113)
(861,1.2810862820359232)
(121,1.2811886716259835)
(993,1.2816611830429754)
(9,1.282247665432078)
(593,1.2823751714613176)
(272,1.2828760957703393)
(381,1.2829899499907726)
(146,1.2832010288326754)
(649,1.2832467760990998)
(878,1.283513726783301)
(509,1.283709723576927)
(667,1.2840714779880318)
(553,1.2842546972338638)
(329,1.2843789165387425)
(13,1.2844412272482422)
(477,1.284484885073915)
(199,1.2848263417584485)
(589,1.2848763242779389)
(298,1.2851801550122053)
(951,1.2851811675056577)
(76,1.2852389132648663)
(580,1.2852766791307415)
(391,1.285604719923565)
(516,1.2857396012831543)
(855,1.2858989115573836)
(194,1.2859578557193698)
(994,1.286103056112481)
(706,1.286319111972348)
(544,1.2864506688324728)
(641,1.286482097966339)
(975,1.2865446313791677)
(763,1.2866172107117364)
(687,1.2867286624826355)
(351,1.2869351133679925)
(340,1.2870115708175238)
(812,1.287121236968513)
(183,1.287205927159229)
(86,1.2872596060308408)
(112,1.2877052108190628)
(719,1.2880081092538964)
(355,1.288191366720781)
(81,1.2882676490794083)
(166,1.288757801804016)
(539,1.2888139623889268)
(43,1.2888179073305888)
(335,1.2888382651918868)
(176,1.2890853466147205)
(425,1.2892382091848165)
(305,1.2892862616787522)
(625,1.28930296092768)
(120,1.2893931320439243)
(517,1.2896745334775737)
(764,1.2897859604529622)
(529,1.289808802695617)
(668,1.2898755811270592)
(659,1.2899340132363357)
(36,1.2900807979886522)
(945,1.2902367011158513)
(890,1.2902692325747607)
(248,1.2903485523873506)
(797,1.2907622122240068)
(436,1.2908050463663039)
(887,1.2912912647923647)
(237,1.2918111739667837)
(684,1.2920168376188232)
(622,1.2923926046689107)
(991,1.2924261977079208)
(969,1.292463882698653)
(466,1.2925260798172957)
(872,1.292657223043101)
(920,1.2927204290105667)
(555,1.292764005970869)
(617,1.2930568178657744)
(450,1.2933834191468812)
(572,1.293420208842503)
(452,1.2936675735807621)
(240,1.293703850184547)
(670,1.2941978389263382)
(448,1.2942185850141101)
(929,1.2942385368703135)
(747,1.2946282623203764)
(171,1.2947645274494168)
(943,1.2949197918788353)
(879,1.2950399932243033)
(375,1.2951901873268086)
(600,1.2952458898951722)
(556,1.295751268705184)
(20,1.2960179160545715)
(678,1.2966920820758725)
(4,1.297397864931516)
(893,1.2974200377913478)
(422,1.2974343302854403)
(588,1.2974546362739103)
(760,1.2976045751523688)
(252,1.2981297876005096)
(488,1.2982133172564148)
(70,1.2982891739413103)
(494,1.2985222774630327)
(21,1.298526803708576)
(674,1.298537984313683)
(913,1.2989072588885382)
(773,1.2989625511478562)
(8,1.2990698646193017)
(389,1.2991670825989796)
(92,1.299359566631447)
(498,1.2996409863302947)
(976,1.2997248411323923)
(476,1.299978589243773)
(136,1.3001331056121157)
(408,1.3001458540065691)
(563,1.3001906663014122)
(518,1.3003485556693188)
(875,1.3003530144509383)
(776,1.3008450150820074)
(850,1.3008753893308518)
(358,1.300923945156149)
(520,1.3009977174304914)
(489,1.3011271333851706)
(731,1.3011745426273627)
(61,1.3014041279202)
(347,1.3015049149604232)
(17,1.3015997289464851)
(813,1.3018031733911866)
(805,1.301831678628595)
(795,1.301891195448833)
(133,1.3021359967212616)
(716,1.3021775540701244)
(210,1.3021898139343255)
(475,1.3022168694176997)
(162,1.3029701062888692)
(657,1.3030709292278462)
(273,1.303361728949994)
(324,1.3034456625961677)
(708,1.3041986566136383)
(173,1.304249624733281)
(703,1.304321690227775)
(170,1.3043675990476093)
(675,1.3044797519003144)
(190,1.3044819863660497)
(261,1.3049142433534158)
(871,1.3051285098483052)
(591,1.30518078973809)
(189,1.3055751726500002)
(597,1.3057994298453202)
(568,1.3060757244345194)
(30,1.306594178823815)
(817,1.3067767776952153)
(697,1.3067838138825834)
(366,1.30693565591502)
(236,1.3069983976596224)
(540,1.307048199262802)
(131,1.3073707654309605)
(73,1.3076697578859378)
(828,1.3078545954195315)
(492,1.3079381630094393)
(216,1.3080972875306582)
(405,1.3082063396331658)
(241,1.3082730074363105)
(629,1.3086747348346714)
(303,1.3087575921414683)
(41,1.3089136009592264)
(160,1.309133961046647)
(481,1.3095532262784522)
(192,1.3098743395772072)
(899,1.3099323410969563)
(45,1.310118390219817)
(53,1.3101189065975922)
(357,1.310138654238319)
(582,1.3102402821017567)
(115,1.310334341608555)
(369,1.3105762479361984)
(712,1.310805917468893)
(564,1.3108087987570944)
(596,1.3113530473519082)
(665,1.3113794865501718)
(501,1.3114498730516941)
(892,1.311500770225646)
(883,1.3115561804245117)
(417,1.312160926685582)
(615,1.3127787254261656)
(473,1.3128692484814257)
(213,1.3132993642692186)
(917,1.313375792242619)
(799,1.313456347404729)
(510,1.313463469085873)
(768,1.3134863429530195)
(970,1.31370512402061)
(44,1.3139974845559894)
(636,1.3141405766912615)
(724,1.314211226096613)
(821,1.3142451927656171)
(239,1.3143486141362941)
(374,1.3144928184661713)
(964,1.3145474110569144)
(460,1.3147984069157315)
(998,1.3148197479390098)
(271,1.314934297622674)
(966,1.3149386800484204)
(35,1.3151599969405763)
(758,1.3153586960608803)
(107,1.3153676552376294)
(826,1.3155096244180988)
(743,1.3156279832320004)
(997,1.315639110079184)
(411,1.3158270454915069)
(950,1.3159548512212542)
(310,1.316014380167339)
(837,1.3162093186252313)
(349,1.3162198183283302)
(257,1.3163085004247663)
(754,1.3163738291623612)
(406,1.3163797884000874)
(511,1.3165888856769556)
(982,1.3167928968766862)
(255,1.3168544175623522)
(1,1.3168575378170961)
(480,1.3168729613518315)
(306,1.3171082247354629)
(441,1.3171129051997277)
(29,1.317322000694762)
(214,1.3174652627279257)
(623,1.317676307144326)
(698,1.317811021766926)
(346,1.3178923921387116)
(834,1.3179241314186456)
(679,1.3179560923066256)
(804,1.317959104875467)
(223,1.3180438959780207)
(447,1.318233057172224)
(304,1.3183350947561867)
(387,1.3183735866648099)
(867,1.3185076858068792)
(394,1.3185734699520308)
(234,1.318573808283304)
(50,1.3185946022235502)
(141,1.3187565767653002)
(474,1.3189730469094756)
(243,1.3190476962575919)
(730,1.3190877202089653)
(245,1.3194219349665646)
(420,1.31942221909005)
(56,1.3194706632881612)
(947,1.319634457204073)
(395,1.3197401374389641)
(407,1.319810722695876)
(230,1.3198198451720038)
(962,1.319907426471548)
(827,1.3199967665020627)
(34,1.3200460899100286)
(142,1.3204082858127182)
(135,1.3205132393485541)
(523,1.320544502829906)
(432,1.3206691487056113)
(546,1.3206875217682763)
(184,1.3207315932624506)
(479,1.3207426928901767)
(666,1.320941023744289)
(803,1.3209776575969143)
(159,1.3211068066359046)
(258,1.3211473548940045)
(571,1.321313943491724)
(296,1.321417715097149)
(65,1.3214353986343288)
(725,1.3218667367373897)
(148,1.3218961881002889)
(607,1.322235075677844)
(915,1.3225704312292048)
(124,1.3227807609835827)
(656,1.322783171867589)
(26,1.3228553760706891)
(806,1.3234324726851632)
(434,1.3234685394018648)
(377,1.323471133729126)
(870,1.3236081570398763)
(218,1.3236369616344834)
(111,1.323738600622206)
(332,1.3238488033718128)
(739,1.3238985140749402)
(954,1.3239235822994186)
(700,1.3240008506196816)
(360,1.324054168962927)
(639,1.324124243829195)
(325,1.3242202649950383)
(284,1.3242646606067363)
(960,1.3244041051758642)
(60,1.3244051226876237)
(249,1.3248876621837078)
(74,1.3250289339550272)
(78,1.3250338549528846)
(533,1.3252370952815036)
(999,1.325420338725937)
(980,1.3255414207812646)
(397,1.3258269308181627)
(201,1.3260640938603891)
(579,1.3260772869101776)
(873,1.326248981244699)
(800,1.3263243275534369)
(811,1.326345433888279)
(259,1.3265225414986666)
(638,1.3265455584786063)
(323,1.3265590016662105)
(884,1.3267457775448293)
(536,1.3274159521530007)
(87,1.3276318692178775)
(761,1.3279013544315004)
(566,1.3279199858154591)
(139,1.3279365656830608)
(113,1.3280943158034746)
(655,1.3285679009618838)
(438,1.3286507139462072)
(52,1.3286665385708036)
(122,1.328911113384571)
(238,1.3289206176963224)
(643,1.3290812132503615)
(785,1.3290941056732883)
(428,1.3291508590221348)
(493,1.3292994127145208)
(863,1.3293274890648417)
(946,1.3294803212061954)
(577,1.3296323219537292)
(463,1.3298203299588427)
(106,1.3299557591452817)
(750,1.3303782019968569)
(851,1.3303829106286043)
(371,1.3305016897096913)
(327,1.3305218234042742)
(889,1.3306370927802735)
(772,1.3310166719993375)
(83,1.3311251875080932)
(786,1.3311369047087072)
(634,1.3312363751034488)
(487,1.3312946969057002)
(18,1.331711651535404)
(440,1.3318944059505136)
(689,1.3320323594565386)
(701,1.3321455761876355)
(831,1.3323888189176833)
(147,1.332547185289849)
(576,1.332650037099907)
(315,1.3326902220240988)
(914,1.3327316300643641)
(380,1.3328224956323027)
(752,1.3328978087643866)
(621,1.3330494674630855)
(836,1.3331762460638663)
(503,1.3333438266699753)
(603,1.3338103092499694)
(102,1.333848139414393)
(276,1.3344061748704958)
(143,1.3346334512662996)
(254,1.3346538860737174)
(839,1.3347717565676667)
(368,1.3347901511261802)
(318,1.3350076292610271)
(955,1.335016037085566)
(796,1.3355143238555975)
(624,1.3355981906471261)
(320,1.335786728913904)
(897,1.3358839451193876)
(963,1.3358939331505977)
(118,1.3361658224331276)
(96,1.3364901104990778)
(256,1.3366032306190017)
(226,1.3366165640307153)
(762,1.336998096989106)
(211,1.3370401863902517)
(392,1.3375589888507142)
(163,1.3377784439793377)
(409,1.3379481817471812)
(573,1.3379818860606467)
(418,1.3384825232756565)
(720,1.3385007172332999)
(741,1.3387044976509688)
(235,1.3389075310191574)
(293,1.3389337740064242)
(840,1.3391268747326326)
(286,1.3393593629841591)
(260,1.339503776679137)
(537,1.3397644562891713)
(203,1.3399286181232746)
(876,1.3399959893367472)
(399,1.340233834106384)
(787,1.3402946336138992)
(735,1.340486303590004)
(80,1.340779250878219)
(524,1.3408268602900824)
(956,1.3411523231689642)
(691,1.3413043308558812)
(55,1.3413610574358814)
(866,1.3414838241340905)
(398,1.341517369657287)
(269,1.3415642661335696)
(877,1.3417130675626538)
(935,1.3417961905140108)
(996,1.3419200172120154)
(144,1.3419592424059472)
(16,1.3420600204411661)
(581,1.3427141042408943)
(169,1.3429876960544682)
(777,1.3429886255828685)
(967,1.3430365478626087)
(864,1.3431893792438399)
(992,1.3438133505398475)
(927,1.3441660134962392)
(105,1.3445452348651905)
(648,1.3449318255782625)
(205,1.3452728527223363)
(822,1.3453322789185105)
(72,1.3455445274355968)
(829,1.3457132145980624)
(705,1.3458404650751379)
(789,1.345890180621898)
(833,1.3460495873937706)
(24,1.3460498154188199)
(483,1.3461080595919435)
(587,1.3463007355303305)
(316,1.3463723905418399)
(59,1.346929198375713)
(611,1.3470583448093456)
(846,1.3471761108239075)
(502,1.3472897968409758)
(356,1.347430962778976)
(424,1.3477825241856793)
(401,1.3479221711635445)
(461,1.347933811260747)
(631,1.347936942372935)
(853,1.3480366772741157)
(343,1.348849253945371)
(807,1.3488978659593098)
(423,1.3489489649012705)
(153,1.3492099915677298)
(326,1.3492369323228952)
(919,1.349334003048071)
(755,1.3493473557154059)
(928,1.349448425911747)
(207,1.3495842990228568)
(618,1.3496090298353132)
(515,1.3496201193781059)
(551,1.3496204666576277)
(683,1.3496617168193592)
(543,1.3497025029076757)
(459,1.350013606168493)
(885,1.35018048599286)
(682,1.35021574109089)
(75,1.350261953185603)
(412,1.3503323673611387)
(193,1.3504086685567338)
(309,1.3506320153295746)
(531,1.3515716929752746)
(334,1.3518123824488022)
(224,1.3518171269782744)
(952,1.3518225560395485)
(570,1.351881386100938)
(11,1.3519152794499623)
(247,1.3519401778218614)
(973,1.3520366541460471)
(219,1.3522200487895426)
(681,1.352265817521339)
(127,1.3522767236464346)
(292,1.3525708349970529)
(704,1.3526723359577808)
(801,1.3526807145661768)
(149,1.3527920695525921)
(385,1.3528929698831496)
(46,1.3532025042387779)
(595,1.3535577153813312)
(905,1.3538955813774827)
(842,1.3545482467539063)
(550,1.3552518567631822)
(289,1.3556537621031453)
(90,1.355810368699656)
(419,1.3560118718328384)
(453,1.3561496883499746)
(93,1.3563388505336313)
(365,1.3565024078107193)
(653,1.3566668288830999)
(242,1.3568940939586422)
(940,1.356965353402226)
(922,1.3570066879539877)
(390,1.3571180351989847)
(267,1.3572133634251968)
(971,1.3572369790846643)
(225,1.3574869852487634)
(339,1.3576724636299196)
(757,1.3579099355903883)
(37,1.3579988070047833)
(707,1.3581106839453905)
(557,1.358206207275473)
(545,1.3583519519638987)
(208,1.35855245665551)
(645,1.3592327937400002)
(288,1.3594568995743235)
(116,1.3595276339630726)
(317,1.3596442344302329)
(824,1.3598170579224829)
(988,1.3599351097138028)
(281,1.360114387086084)
(202,1.3603068705225383)
(904,1.360702258208279)
(27,1.3608105033723237)
(468,1.3612642656530198)
(609,1.361618623510354)
(987,1.3616299563810492)
(354,1.3618331424346897)
(751,1.3619285065970785)
(341,1.3627411254359054)
(718,1.3627910412802784)
(331,1.3632476925272698)
(403,1.3635952371582838)
(808,1.3636940483610718)
(921,1.3639920235652347)
(519,1.3642815179875711)
(912,1.3643324143133382)
(816,1.3647442111062518)
(740,1.3650020972707584)
(250,1.365247004011759)
(104,1.3665881951583527)
(601,1.3667177720466228)
(742,1.3675062979534212)
(67,1.3675694511954595)
(467,1.3683699361151098)
(6,1.368673676319676)
(114,1.3688911549019782)
(353,1.3689936651761285)
(934,1.3693427704330574)
(702,1.369830161091795)
(119,1.3698886417419787)
(455,1.3715221124847927)
(486,1.3717148077496069)
(941,1.371879116409907)
(661,1.3720035460195348)
(206,1.3720434178316947)
(196,1.372109553987364)
(507,1.3721313652072584)
(204,1.3722228667256018)
(791,1.3723009557876928)
(895,1.3723945662740535)
(775,1.3724411303748274)
(221,1.372537871627157)
(294,1.3728133854147146)
(12,1.3731862066927512)
(97,1.3734256161671234)
(783,1.3736962468349845)
(186,1.3740026128312313)
(415,1.3745973893314862)
(140,1.3751616443741568)
(499,1.3753400138585345)
(48,1.375720259144538)
(285,1.3757266848230176)
(290,1.3757353789051823)
(79,1.3760396441857887)
(470,1.376640763512659)
(47,1.376726473798543)
(852,1.3771874083479316)
(939,1.3772542376843284)
(89,1.3773736493928328)
(901,1.3780779490952675)
(94,1.3781636733179856)
(49,1.378311726417391)
(612,1.3790401407258486)
(177,1.3790962199769239)
(672,1.3791307721257802)
(626,1.3792173615798728)
(910,1.3800945564158789)
(737,1.380137335413512)
(710,1.3804080088229482)
(431,1.380700580019243)
(604,1.3815662374021478)
(506,1.3816512564730499)
(376,1.3819243608953098)
(508,1.3821201620986443)
(393,1.3821310705419454)
(437,1.3823701901618415)
(559,1.3831501191415696)
(835,1.383667968427982)
(246,1.3840313815032614)
(860,1.3843044592520166)
(521,1.3846481263967718)
(709,1.3850815471422309)
(977,1.3853536759656577)
(765,1.3854066404468814)
(268,1.3855441442361123)
(713,1.3863466486978036)
(416,1.3864231842639518)
(633,1.3866276546500529)
(40,1.3884474409095262)
(908,1.3890415410212043)
(262,1.3890538632390486)
(671,1.3891461023752143)
(200,1.3891896257785508)
(918,1.3899254970485841)
(794,1.3908214251357678)
(469,1.3914070630403168)
(854,1.39183407215836)
(152,1.392004012834463)
(733,1.3923439132128572)
(542,1.3923791735135063)
(5,1.3924541221877855)
(554,1.3925499401334631)
(984,1.3927752984005863)
(560,1.3931347814122583)
(151,1.3931595144949827)
(108,1.3940872370191604)
(782,1.3943666145490234)
(421,1.3946846329170104)
(590,1.3946898405726615)
(949,1.3954823913581436)
(62,1.395760015823622)
(328,1.3967356960605208)
(14,1.3975058330832628)
(552,1.3978987172294748)
(978,1.398455324530171)
(484,1.3996438828561584)
(599,1.4013035303208934)
(690,1.4015585941956372)
(936,1.40179055788018)
(433,1.4020447559766602)
(361,1.4021698907672109)
(823,1.4024052933926918)
(350,1.402695012124625)
(449,1.4032162818456957)
(95,1.403904956434488)
(847,1.4044442951673615)
(263,1.4045398577668622)
(814,1.404752567471609)
(58,1.4065805752619844)
(972,1.4066866058984462)
(953,1.4070603448014223)
(771,1.4070763069545609)
(911,1.4085950310559918)
(647,1.409469701139868)
(352,1.4099333751497136)
(427,1.4109171084747947)
(673,1.4131702677694076)
(444,1.4132007802297029)
(137,1.413882071896316)
(676,1.4145504008353202)
(179,1.4149157525106841)
(574,1.4157769445452204)
(402,1.4160644621860399)
(88,1.416333136103227)
(736,1.4171112678334805)
(532,1.4175236672359626)
(180,1.4178917103176505)
(880,1.420133069918304)
(882,1.421915218758428)
(841,1.421974840128146)
(770,1.4225442775027781)
(278,1.4232172139596762)
(10,1.4234683212151118)
(756,1.4238563349655269)
(734,1.4245482428355645)
(378,1.4249629701212065)
(482,1.425458029563587)
(628,1.426746673103541)
(161,1.4274962713653807)
(548,1.4277094507428856)
(632,1.4286399027998082)
(849,1.4292258699895775)
(965,1.4298492088112296)
(439,1.430923245044564)
(384,1.4322428196225037)
(314,1.4350353254092438)
(39,1.435186006588781)
(903,1.4359690294821967)
(637,1.4366130871365579)
(336,1.437054575965342)
(456,1.4382849284221109)
(869,1.4410462994093989)
(228,1.4417808113882018)
(549,1.4435079058799591)
(372,1.445057893658695)
(746,1.4455073281952018)
(886,1.4469206470407598)
(530,1.4493975634940788)
(454,1.4511723485080217)
(729,1.4584661082404036)
(894,1.463029228469378)
(117,1.4711538976556358)
(265,1.4750294535570174)
(583,1.4785171390938245)
(84,1.4794047344062018)
(367,1.4918605754111063)
(986,1.4950208595576686)
(451,1.5006365638136097)
(373,1.5087265030716528)
(662,1.5114559847819766)
(744,1.5215086633044117)
(874,1.5272396246206452)
(123,1.5353282650113034)
(382,1.554053569545695)
(848,1.5853227542803012)
(714,1.90655231655811)
