(167,0.9835112894872307)
(158,0.9871168816892284)
(168,0.9902645456629706)
(614,0.9910944579534506)
(302,0.9929496098531914)
(125,0.9934231176104994)
(916,0.9986627664741888)
(717,0.9998345660614845)
(19,1.0022274794528072)
(898,1.0031656257726513)
(270,1.0108550043458515)
(586,1.0556629544960443)
(651,1.0644202054677583)
(71,1.064909073114048)
(253,1.082629114468702)
(156,1.086226476194241)
(526,1.0888623581507677)
(942,1.09579964915668)
(688,1.096487073783505)
(616,1.0992013717201343)
(130,1.1007742010959773)
(465,1.1043055395626449)
(443,1.1052742558249307)
(694,1.1060547660644122)
(793,1.1109703269436786)
(280,1.1110861978958984)
(157,1.115933324730116)
(995,1.1181782751055345)
(128,1.1337757325135276)
(677,1.1471996305964063)
(485,1.152789455421716)
(716,1.1543443154389004)
(28,1.1577722550651148)
(31,1.1582802756328252)
(961,1.161556378092286)
(359,1.161683118911734)
(856,1.1622965546536985)
(175,1.1627525419195657)
(150,1.1630905711682424)
(241,1.1767521629913245)
(478,1.1775435256403672)
(30,1.1791284200541203)
(615,1.183122580871642)
(981,1.1877966949357668)
(871,1.1886378537366156)
(101,1.1886792916827609)
(832,1.1928572140571538)
(741,1.1936234280461357)
(830,1.1955296572645757)
(194,1.1957696249026273)
(598,1.198779741626454)
(779,1.199345731306592)
(831,1.1997629525056905)
(686,1.1998375826863865)
(458,1.2006569235679865)
(948,1.2039008390152268)
(500,1.205717785445215)
(136,1.2062612868286133)
(32,1.2082468582602643)
(205,1.2087300455991778)
(711,1.2094129596165772)
(505,1.2098433372324564)
(605,1.2105683679844257)
(593,1.2109702071565582)
(504,1.211355865271813)
(680,1.2117737874262793)
(646,1.2120376945949602)
(514,1.2131466537481839)
(126,1.213800019536659)
(767,1.2147607146123505)
(486,1.2152721346115958)
(685,1.2161267393568356)
(968,1.2169218699981357)
(386,1.2177997039764112)
(749,1.2180697412620969)
(410,1.2190902178084855)
(232,1.2200785179740634)
(389,1.220206034989727)
(404,1.2205513684766789)
(340,1.2217861301198547)
(42,1.2220378530396903)
(784,1.2229521039036442)
(63,1.2232725299249827)
(865,1.225258665310383)
(220,1.2261613511545648)
(113,1.2290583713569823)
(938,1.230604069622689)
(580,1.2309708859662274)
(966,1.231043238075527)
(513,1.2312935050103178)
(766,1.2313539759472583)
(879,1.2314237740691594)
(980,1.232173602064098)
(82,1.2336271717070137)
(592,1.2337172602669741)
(91,1.2348368192984718)
(817,1.2361550179212224)
(300,1.2364488167782923)
(989,1.2365924930012457)
(54,1.2372218402870527)
(197,1.2372893700419338)
(907,1.238872784306509)
(527,1.2391994627224292)
(98,1.2392460469717634)
(644,1.2399128084631488)
(699,1.2400910678349555)
(316,1.2403194038396967)
(310,1.2407562812548278)
(76,1.241651982916406)
(129,1.2419041847703565)
(64,1.2433302667307289)
(446,1.243344230253602)
(589,1.2433758184693366)
(244,1.2454405632418692)
(299,1.2457079799474264)
(820,1.2461357048871413)
(567,1.2466710100217813)
(658,1.2468039125842154)
(370,1.2471769063156741)
(781,1.2477729130109012)
(602,1.2478305414672897)
(133,1.2479628000887648)
(155,1.2482260164005623)
(525,1.2485779413271956)
(178,1.249974507879105)
(748,1.2501739454063194)
(687,1.2508171439683)
(859,1.252328985421663)
(640,1.2525543260748644)
(529,1.2531338550354993)
(906,1.2533797036824113)
(7,1.2535732012090626)
(663,1.2537038744407298)
(466,1.2537374305789537)
(834,1.253835467196303)
(909,1.2539183093696102)
(558,1.2540761578909834)
(229,1.2546422685097256)
(237,1.2563136748885997)
(361,1.256614852928588)
(664,1.2570538204075967)
(187,1.2578621801677008)
(464,1.2578664903512395)
(812,1.2582147021321082)
(148,1.2583531940566504)
(266,1.2591613053045225)
(937,1.2591677226769717)
(669,1.2594943027140268)
(195,1.2595397809459385)
(983,1.2596926351899747)
(355,1.2598236123662272)
(926,1.2600072708228598)
(816,1.2603315762291154)
(745,1.260829863860873)
(753,1.2609748996322074)
(291,1.2613556400230774)
(3,1.2614340436220361)
(619,1.2617308536516112)
(442,1.2618330974848633)
(315,1.2618950263914153)
(581,1.2624543087729365)
(502,1.2624632375148437)
(731,1.2625035024752544)
(838,1.262533882057483)
(933,1.2635304618985441)
(715,1.2635551997847254)
(138,1.263763315112315)
(828,1.26430389381777)
(191,1.26533790343756)
(174,1.265799904535746)
(85,1.2670431594330211)
(51,1.2670499896190481)
(142,1.2670529502916759)
(283,1.2671831083997176)
(4,1.267213352062679)
(491,1.2675447369242252)
(75,1.2677359983295986)
(575,1.2677944559504986)
(344,1.2681134088375003)
(296,1.2684318746592314)
(222,1.268555762637758)
(841,1.268858543810895)
(22,1.269116000535848)
(463,1.2692852199932203)
(584,1.2693924161180241)
(815,1.2696555200508475)
(217,1.2701723148593032)
(796,1.2702087612384612)
(105,1.2704035095356523)
(272,1.2704224367969446)
(703,1.2705352334568232)
(333,1.270661405077409)
(166,1.2709652205430007)
(383,1.2710426797939787)
(665,1.2711978249009241)
(154,1.2712231935401281)
(534,1.2713175446399836)
(610,1.2714736522912606)
(100,1.2714901698910814)
(308,1.2715000965403471)
(657,1.2717198523336934)
(164,1.2717318625548544)
(818,1.271749311515522)
(475,1.2719941884460049)
(732,1.2722035471463975)
(931,1.2722556755428844)
(696,1.2722935942794549)
(809,1.2723545863670327)
(896,1.2725542433731687)
(78,1.2729985666051826)
(608,1.2730177609457676)
(827,1.273904859910153)
(489,1.2739180992326324)
(435,1.273968417207327)
(23,1.2739727876056057)
(366,1.2739728535622468)
(185,1.274118383574843)
(387,1.2741551544873289)
(597,1.2743000603006103)
(342,1.2743842500790021)
(295,1.2745321926041098)
(945,1.2749609037467722)
(845,1.2751864600983969)
(438,1.2751876052760842)
(322,1.2752184819630439)
(498,1.2753593697500536)
(833,1.2755644677795428)
(369,1.275636540378757)
(240,1.275653486271779)
(553,1.275957353342435)
(496,1.2759913944538603)
(182,1.2763267769841518)
(282,1.2765943812340022)
(929,1.2766142615133287)
(875,1.2767415703910003)
(334,1.2768516700200103)
(692,1.2768592184117644)
(636,1.2770545731539138)
(708,1.2780176461315438)
(181,1.2780566977261982)
(274,1.2782516994221524)
(311,1.2784444481647719)
(522,1.2785692713820183)
(712,1.2786048493029072)
(345,1.2788231197060547)
(432,1.278827409114867)
(251,1.2788527472215132)
(613,1.2788907051096967)
(209,1.2791231186665457)
(862,1.2791718367574765)
(459,1.279580973839882)
(774,1.279727512973324)
(472,1.2797888137531626)
(652,1.2799133648356917)
(348,1.2799409794961032)
(109,1.2799592375744067)
(313,1.2800518259224447)
(426,1.2801190285378663)
(351,1.2801340021507568)
(958,1.2802193867795177)
(77,1.280516535032595)
(821,1.280760471563808)
(332,1.2813466979043706)
(457,1.2814494484764094)
(26,1.2815367510981805)
(721,1.2816114839074841)
(131,1.2817438195643294)
(769,1.2818395492899881)
(46,1.2819599150151992)
(795,1.2821245360216194)
(674,1.282246266686866)
(778,1.2825569682076323)
(159,1.2828002165195191)
(422,1.2828812711968027)
(890,1.2829228958802659)
(752,1.283137197831426)
(855,1.2832369911021178)
(134,1.2837773991541344)
(517,1.2838424081048783)
(362,1.283854929150111)
(991,1.283920996597177)
(671,1.284115361565589)
(920,1.2846402499187526)
(497,1.2847311933077707)
(357,1.284808639487995)
(477,1.2852415764542457)
(606,1.2852552898505691)
(321,1.2852738462160063)
(18,1.285452184440507)
(430,1.2858507310149505)
(301,1.2863274012870725)
(338,1.2865003522107652)
(447,1.2869478184052)
(9,1.2870036549574106)
(536,1.2870664152343572)
(806,1.2873325879090176)
(959,1.287761378321323)
(271,1.2877674459425663)
(738,1.288278213585254)
(836,1.288295351445138)
(992,1.2883545484166987)
(38,1.2884105187181951)
(985,1.2884177404886301)
(780,1.288559005635602)
(364,1.2889899780465528)
(872,1.2890061582145211)
(1,1.2890323218127868)
(645,1.28928063546546)
(902,1.2893529320975603)
(913,1.289353647131628)
(287,1.2893951161058774)
(993,1.289430094849334)
(538,1.289434218157836)
(356,1.2896997138323143)
(188,1.2897588847646464)
(90,1.2897696785575459)
(261,1.289988712920229)
(25,1.2903691159071597)
(13,1.290557204750169)
(55,1.2906946532591759)
(877,1.2909065190677529)
(329,1.2911065857681376)
(171,1.2912418583478742)
(471,1.2916389978971285)
(764,1.2917741286706952)
(21,1.2920185851436385)
(488,1.2920794856571807)
(41,1.2923846454193213)
(388,1.2924055092571631)
(284,1.2924821100910566)
(307,1.2930485256963604)
(843,1.293066206819613)
(572,1.293111566981373)
(116,1.2933606311406227)
(183,1.2933778789188852)
(323,1.2935030682260173)
(697,1.2936236311435079)
(655,1.2937378403560686)
(643,1.2942285270919172)
(675,1.2943296089503837)
(206,1.2944133648538017)
(826,1.294495048017708)
(413,1.2945295080237513)
(562,1.2946268116363833)
(695,1.2946698347038417)
(481,1.2947867756408304)
(57,1.2949185188955898)
(163,1.2949839108139116)
(982,1.2950684671250734)
(275,1.295100934464408)
(776,1.2951249984829987)
(43,1.2953362075062576)
(587,1.2953719869705558)
(956,1.2954703778363563)
(788,1.295530999754464)
(434,1.295645485375312)
(381,1.2956645496167756)
(785,1.2958850122360268)
(642,1.2964178084070714)
(493,1.2964615966321091)
(68,1.2969021341853613)
(69,1.2970211462408654)
(61,1.2976810081758283)
(701,1.2977018848124462)
(259,1.29790704583182)
(483,1.2979120433597837)
(578,1.298011504508777)
(857,1.298174197619442)
(923,1.2981960107325627)
(585,1.2982897237497422)
(17,1.2983452067802017)
(127,1.2984226587437226)
(912,1.298722514521835)
(417,1.2987248565847667)
(544,1.2991178244490638)
(189,1.2991974519309166)
(922,1.299208826946195)
(723,1.2992867953686826)
(742,1.2994964571774674)
(87,1.2998860209228025)
(499,1.2999498838643584)
(900,1.2999543384065269)
(569,1.3002253717716514)
(479,1.3002337178378767)
(617,1.3003422368084185)
(319,1.3005089103167016)
(6,1.3005465962697484)
(719,1.3007548688848218)
(725,1.3009123864880272)
(579,1.3011339580540389)
(145,1.3011393494973802)
(428,1.3015938395332274)
(925,1.301764929139734)
(620,1.3022566759678196)
(70,1.3022619680685108)
(706,1.3023189885439004)
(236,1.3023600530005868)
(2,1.3029004156017758)
(50,1.302933649542067)
(997,1.3029552280110628)
(630,1.3031345703763457)
(772,1.3034638173878406)
(802,1.3036118165961272)
(306,1.3037112870068726)
(118,1.3041109755611084)
(927,1.3042767693763628)
(810,1.3042962451820874)
(304,1.3045241026519)
(103,1.3045253024339813)
(445,1.3050531547574933)
(414,1.3053180759465448)
(571,1.3054869124569681)
(576,1.30572033409609)
(537,1.3057572879973047)
(739,1.3058434541669104)
(596,1.3060184166989246)
(750,1.306081910977237)
(625,1.3061946132274058)
(436,1.306640268627461)
(970,1.306679737191129)
(221,1.3067897869376848)
(609,1.3068898153640058)
(822,1.3069874433546047)
(213,1.3070000980614662)
(20,1.307037741932962)
(520,1.3074299149634858)
(518,1.3075463555836504)
(110,1.307613576035137)
(775,1.3076329863003342)
(539,1.3080998631862113)
(398,1.3082084283499573)
(305,1.3084513841042111)
(940,1.3084651629713124)
(86,1.3085872910555405)
(112,1.3086944921667256)
(242,1.3087241579035211)
(740,1.3087445858894438)
(408,1.308921190985012)
(380,1.3091285889450621)
(868,1.3093587134451645)
(943,1.3095959849567542)
(34,1.3096055015547872)
(120,1.3096899548883543)
(394,1.3097634293499578)
(474,1.3101571101065008)
(548,1.31031944387601)
(516,1.3103319272636835)
(878,1.310369936470425)
(955,1.3103995894880796)
(448,1.3108091290000885)
(601,1.3109242389119504)
(211,1.311357319011681)
(659,1.3114241468493781)
(798,1.3114812573931298)
(339,1.311741887312381)
(473,1.3118186616406462)
(492,1.31212319553403)
(56,1.3122468730322878)
(515,1.3123404382845236)
(839,1.3124187729776413)
(122,1.312423221113843)
(941,1.3126636116436117)
(555,1.3127178517596474)
(385,1.3127224001718796)
(814,1.312909775288375)
(255,1.3130813124332954)
(724,1.3131090462020196)
(892,1.3133082418329387)
(139,1.3133420409018928)
(974,1.3134524505433023)
(12,1.3136141290705379)
(670,1.3138660356279708)
(800,1.3140713416874248)
(227,1.3141152650093926)
(649,1.3142470251760858)
(915,1.314324421462802)
(876,1.3145085552975009)
(210,1.3145218828450276)
(918,1.3145868349804275)
(214,1.3147404279270227)
(564,1.3148085375145737)
(312,1.3148178535166342)
(638,1.3149573744446605)
(376,1.3151960821597588)
(805,1.3152484408472158)
(556,1.3153447590913203)
(908,1.3153809126334568)
(873,1.315735912082809)
(391,1.3157698775373634)
(293,1.3158595147472067)
(848,1.3159573866491088)
(461,1.3159648492866218)
(803,1.3161209884961838)
(975,1.3163125721445985)
(722,1.3164800326097212)
(490,1.316493771641197)
(979,1.3164968664109744)
(881,1.3169867161687)
(192,1.3171392469255432)
(837,1.3173460946623479)
(604,1.3174661445737228)
(988,1.3177123808738123)
(547,1.3179443396512163)
(568,1.3179812180059034)
(884,1.318006994151957)
(512,1.3181889790070824)
(786,1.318669703018493)
(811,1.3186744345403487)
(897,1.318865093601091)
(889,1.318891718317167)
(249,1.3190457392417465)
(146,1.319097926110509)
(790,1.319149692649311)
(949,1.3194453154577024)
(888,1.3198019521445847)
(427,1.3199076781688357)
(317,1.3199781805551491)
(269,1.320036364284766)
(102,1.3200621268242059)
(401,1.3202174791654868)
(844,1.3203829470453825)
(53,1.3203835229540448)
(861,1.3206088579348203)
(243,1.3207843322264297)
(318,1.3207924144870828)
(15,1.3209158491628252)
(215,1.3209918685713986)
(801,1.3210566634541017)
(813,1.3211238883320306)
(494,1.3214244481756654)
(346,1.3216105694807005)
(354,1.3218025676811611)
(352,1.3222746880980214)
(379,1.3223026540434)
(452,1.322327141538647)
(347,1.3224201587065494)
(337,1.3224327751626677)
(691,1.3224494834062892)
(44,1.3226418068242434)
(233,1.322735426536132)
(524,1.3228068131954118)
(152,1.3229167313831145)
(93,1.3229381054962954)
(400,1.3231592933517913)
(679,1.3231984652503042)
(176,1.323232952671995)
(969,1.323299982797109)
(375,1.3234574492414313)
(203,1.3235536668447505)
(24,1.323574539118955)
(29,1.3236324999593352)
(418,1.3236723437329978)
(172,1.3237713603744354)
(40,1.3237808951126362)
(108,1.3240250273952798)
(212,1.3241431814284321)
(286,1.3243571073701776)
(840,1.3245616356218526)
(5,1.3248696883989495)
(239,1.3249251536990354)
(510,1.3250369339923853)
(791,1.3252681800341413)
(678,1.3253589205312273)
(854,1.325484196724212)
(946,1.325651807795424)
(501,1.3256715296061428)
(698,1.3257866276794197)
(853,1.325892004745034)
(335,1.3260637636327768)
(309,1.326577865316773)
(683,1.3265874405514873)
(480,1.326589849682564)
(200,1.3266787209361437)
(565,1.326698217446015)
(390,1.3268761469924413)
(374,1.326880107256115)
(595,1.3271272597453316)
(574,1.3272831455792264)
(887,1.3272853563225504)
(349,1.3273713498371855)
(360,1.3274179459754818)
(635,1.3274256405238856)
(16,1.3277172130471098)
(247,1.3279456521551096)
(797,1.3281284433616318)
(27,1.3281387944364742)
(631,1.328158123397701)
(238,1.3282894991822416)
(143,1.3283732761183293)
(397,1.3286318526233338)
(618,1.328750150999925)
(864,1.3289257355509707)
(905,1.3290284046676502)
(358,1.3291320527996269)
(65,1.3291494852047805)
(760,1.3291543763780258)
(917,1.3296240408482385)
(668,1.3298300248787405)
(399,1.3299204969256977)
(303,1.3299851336283959)
(96,1.3300402393219748)
(523,1.330076132597565)
(431,1.3303290570371935)
(747,1.3303348877635977)
(911,1.3305139264574701)
(799,1.3307257627217348)
(273,1.330727662935202)
(787,1.331081570252334)
(804,1.3311414366115482)
(234,1.3313717539139667)
(193,1.3320859115572596)
(863,1.3322348492384726)
(368,1.3331221608153356)
(624,1.3335203174328119)
(467,1.333736464223886)
(960,1.333795455954013)
(470,1.3339269245956489)
(535,1.334291496084003)
(415,1.3343731675792543)
(106,1.334420091131736)
(934,1.3344908796243318)
(682,1.3346977902035861)
(67,1.3347685168705439)
(419,1.3349511880986609)
(162,1.33497090029321)
(49,1.3349715725871438)
(582,1.3350534734623694)
(666,1.335399754463026)
(976,1.3354583990186162)
(409,1.3354747723319416)
(965,1.3355456871979743)
(963,1.3355751626388996)
(257,1.3356394342024154)
(667,1.3358680379433507)
(540,1.336053496853663)
(511,1.3363570421144373)
(773,1.336482434403154)
(962,1.33656837704124)
(170,1.3367054449015883)
(994,1.3367559893918148)
(893,1.3367960300383108)
(895,1.3370201840144254)
(611,1.3370995295809467)
(824,1.3371360579638893)
(35,1.3371527600349462)
(250,1.3372436669485295)
(331,1.337358358849518)
(622,1.3373987515375096)
(728,1.3374483688383492)
(223,1.3375393736547776)
(542,1.3379500443074164)
(654,1.3379625960456276)
(588,1.3381160528372116)
(48,1.3381359289209331)
(81,1.3381939918672803)
(73,1.3383097585287835)
(951,1.3383489062680993)
(641,1.3384353700299116)
(119,1.338524880675871)
(327,1.3386310002884156)
(424,1.3388320703237144)
(121,1.3389018520774356)
(600,1.3389028766911042)
(407,1.3389493798429206)
(107,1.3391276868217432)
(423,1.3392547948043636)
(860,1.3394924592821627)
(689,1.3395177628829011)
(208,1.3396337804706766)
(97,1.3399530413008776)
(967,1.3401495455790826)
(768,1.340202273630227)
(794,1.3405041320228661)
(199,1.3407233348954064)
(45,1.3408348423138603)
(730,1.340941184504322)
(294,1.3409791242707514)
(281,1.3416745539746757)
(403,1.3416998523383599)
(79,1.3418466070401316)
(377,1.3420450665733215)
(762,1.3424279453307206)
(74,1.3426502988718159)
(847,1.3427557587220147)
(541,1.342771971693391)
(36,1.3428043047652578)
(653,1.342807153823601)
(563,1.3430788995900425)
(395,1.3433378735275041)
(935,1.3433919251993278)
(80,1.3437596823769138)
(276,1.343961290650372)
(846,1.344187567470891)
(421,1.3443219573223661)
(341,1.3443771835029579)
(449,1.3443807978962163)
(570,1.3447042671999367)
(320,1.3447153964234348)
(761,1.3447636974508435)
(684,1.3447662129709568)
(350,1.3452669405725612)
(135,1.3452728094995936)
(94,1.3455497559761143)
(226,1.3456324371002837)
(590,1.3456572042185004)
(411,1.3458107165594462)
(83,1.3458985560038208)
(713,1.346014831622263)
(460,1.3460438714229777)
(883,1.3463902491062678)
(557,1.3464331534992133)
(661,1.3464957684908225)
(277,1.3467842243032435)
(216,1.3469691891156028)
(648,1.3470057925491354)
(285,1.3470221187631233)
(441,1.3472087361658607)
(72,1.3473342572066436)
(468,1.3474969961510985)
(47,1.3475837216284416)
(455,1.3476247231303458)
(289,1.3481162290238247)
(676,1.3486151411675196)
(60,1.3486946190475173)
(866,1.3489499938043394)
(733,1.34976420742115)
(550,1.3498323770650298)
(149,1.3500008581032015)
(147,1.350218384226783)
(947,1.3505631060499972)
(751,1.3507184820224625)
(577,1.3508326045158348)
(984,1.3509937822538032)
(201,1.3513222101828002)
(256,1.351666446517076)
(623,1.3516666024095803)
(254,1.3517334253870765)
(252,1.351850559424615)
(52,1.3523745602640609)
(629,1.3523926973255418)
(59,1.352504181565513)
(392,1.3529206723792753)
(763,1.3534457907382955)
(476,1.3536754133121007)
(353,1.3537013972935916)
(268,1.3537767446213043)
(700,1.353897394191382)
(914,1.3540574167804125)
(484,1.3543494375477259)
(92,1.3544951725234915)
(737,1.3545825282352815)
(440,1.3546172221119066)
(230,1.3546297851952045)
(910,1.3546701729732238)
(37,1.3548494710351606)
(292,1.3549830326533803)
(190,1.3551209346645223)
(637,1.35522109758689)
(720,1.3553421697588914)
(885,1.3553524339850955)
(450,1.3553985023872601)
(169,1.355760382705796)
(180,1.3559524531795761)
(599,1.3560236742488467)
(153,1.356054044969262)
(521,1.356169692410227)
(757,1.3562688022897533)
(734,1.356333008788289)
(160,1.3571614153530334)
(566,1.3572418153260322)
(870,1.3573033242959178)
(928,1.3574760406338993)
(999,1.3575334651597741)
(267,1.3576533176761003)
(944,1.3580796203904306)
(639,1.3581224752597172)
(702,1.3581553696602036)
(607,1.3582014371259858)
(343,1.3582474071301807)
(11,1.3582579075021042)
(777,1.358340113644996)
(634,1.3583426241726897)
(921,1.359122758945197)
(325,1.35916994819194)
(953,1.3592198177878692)
(603,1.3592364872284377)
(954,1.359429949515983)
(973,1.3596789754731788)
(532,1.359887551880318)
(141,1.3600782741025816)
(735,1.3601002994338365)
(705,1.3602247763880502)
(835,1.360237607951372)
(262,1.3605590159345977)
(903,1.360986927525603)
(755,1.3610135278497832)
(707,1.361057081134324)
(852,1.3611027055657245)
(258,1.3615840222961801)
(829,1.362002281910405)
(936,1.3620510119190796)
(248,1.3626867843368002)
(930,1.3628275015118292)
(573,1.3628726324342868)
(384,1.3631941677747907)
(402,1.3633597500991503)
(371,1.3635664694584686)
(950,1.3635925804975544)
(850,1.3639985958470924)
(559,1.3644409029056797)
(765,1.3644430153548615)
(88,1.3645211562966129)
(650,1.3647489207960233)
(519,1.3648964636048986)
(998,1.3651809415129)
(987,1.3654745294066197)
(425,1.365665875789871)
(416,1.3662137111336365)
(977,1.3664413652101521)
(919,1.3668702854669035)
(58,1.3672356188042396)
(807,1.3673608510219286)
(207,1.3674542890462715)
(647,1.3675707525699408)
(808,1.3677938413757782)
(186,1.3679038136715125)
(144,1.3680181412610535)
(543,1.3685649983104315)
(823,1.3689584136140147)
(263,1.369045231881184)
(503,1.369048475203386)
(681,1.369375827787093)
(632,1.3694172980245323)
(179,1.3694429259109313)
(326,1.3695326143459012)
(124,1.3697175392905372)
(412,1.3697680940531147)
(672,1.3698467312383436)
(972,1.3707845979930515)
(996,1.370907034344452)
(365,1.3712717919335233)
(177,1.3714456582584411)
(851,1.3714530502808775)
(62,1.3716805128138634)
(789,1.3717687907123044)
(433,1.3717835229618505)
(115,1.3718570138890296)
(290,1.372449231276398)
(549,1.3725319030846808)
(393,1.3725345730005576)
(545,1.372676395128816)
(173,1.3728528605855737)
(531,1.3732234548921418)
(656,1.3740890003149187)
(882,1.3742098766866169)
(508,1.3743478464858103)
(219,1.3746598382986932)
(405,1.374661717413977)
(218,1.3751036282916105)
(444,1.3757479122163805)
(554,1.3763756237233433)
(224,1.3763900123729989)
(378,1.3766454524581264)
(437,1.3767155974868506)
(952,1.3768781000785866)
(420,1.3768831962315597)
(904,1.377430794513112)
(117,1.377589404539617)
(727,1.3776486294582884)
(704,1.3777768007047766)
(8,1.3779455727737777)
(986,1.3781894229635854)
(95,1.3782341107013643)
(140,1.3786580319593498)
(552,1.3796721563231098)
(260,1.3798612106223083)
(626,1.3801017364275814)
(743,1.3801673248093604)
(328,1.3805763545024066)
(509,1.3808285818208397)
(245,1.3809724525344043)
(506,1.3810271260408278)
(756,1.3817544750744823)
(770,1.3817554667090213)
(709,1.381783875646545)
(746,1.3841611326975611)
(971,1.384205735079345)
(453,1.3842758306451155)
(533,1.3843469250277178)
(228,1.3851131963660042)
(184,1.3866124110108526)
(729,1.3866194897080728)
(469,1.3866927060146998)
(482,1.3871995060646143)
(111,1.3872665381287423)
(899,1.3874699267837132)
(137,1.38787937724742)
(560,1.3879835469753752)
(690,1.3885874277189418)
(546,1.3914461126042892)
(842,1.3918646353485697)
(612,1.39215051874992)
(621,1.3930844634101476)
(901,1.393321971147794)
(39,1.394366137838491)
(754,1.3953062791285291)
(202,1.395497439235774)
(196,1.3971891884637053)
(246,1.3973531517336741)
(454,1.3983098983508604)
(324,1.399687896956482)
(591,1.400313880710173)
(288,1.400748595634093)
(758,1.4009018958794401)
(783,1.400973614652078)
(880,1.4010379370145862)
(10,1.4024219538152731)
(673,1.4026290795736611)
(869,1.40299431877337)
(894,1.4033304784157679)
(662,1.403613229931056)
(114,1.4036411150126642)
(161,1.4038290684196504)
(932,1.4082243047589917)
(710,1.408549865611865)
(367,1.4098219365679228)
(628,1.4099048761165451)
(939,1.4103237628043686)
(151,1.413286834304159)
(530,1.4141293388919594)
(89,1.4153895338007156)
(265,1.4158157571709598)
(439,1.4159992444884115)
(84,1.416851409343063)
(406,1.4184984279081008)
(867,1.4191416616083656)
(487,1.4196150377738)
(278,1.4220605438099494)
(204,1.4221602051196096)
(583,1.4256795959737434)
(235,1.4277888817832993)
(314,1.4300087057804434)
(507,1.4311090918656653)
(456,1.4311255785045427)
(744,1.4312800952786897)
(978,1.431575835420358)
(819,1.434013668281875)
(736,1.4355458404521422)
(718,1.4363259306959273)
(372,1.4384132852899183)
(886,1.4472291271936248)
(874,1.4548832368157878)
(964,1.4598094632058842)
(225,1.465573657330135)
(551,1.4660465233142637)
(104,1.4663580762293846)
(633,1.4691856689299037)
(336,1.4751620789566378)
(14,1.480788100033482)
(298,1.5137290902504459)
(451,1.517758156606898)
(771,1.5188264028508658)
(123,1.5229967397199282)
(782,1.5395452848653883)
(382,1.5431743547553272)
(849,1.6931547254429369)
(373,1.7959755734967264)
(714,1.896248158928616)
