(14,0.9611039453362326)
(28,0.9663247756541651)
(13,0.9709358999342667)
(11,0.9709358999342667)
(18,0.9709358999342667)
(9,0.9852701939668568)
(8,0.9898996457342228)
(17,0.9989656743681596)
(15,1.005990253923094)
(22,1.021025867187444)
(10,1.0342842912429597)
(36,1.0372246465682813)
(6,1.049979780854903)
(29,1.057260306154608)
(2,1.062434241192626)
(4,1.0690863040592948)
(7,1.087315632224613)
(21,1.1043324953621625)
(24,1.1081557818619614)
(23,1.1182516114348742)
(32,1.1222066826207044)
(35,1.1231487800676219)
(30,1.1577386797384048)
(33,1.169976080143638)
(5,1.1741688857745414)
(26,1.1999220595456956)
(12,1.2142772801043342)
(37,1.2197497719483634)
(3,1.2262975829539728)
(19,1.2308937928951915)
(39,1.2715130798390621)
(16,1.2762519848059248)
(25,1.3280365690580942)
(1,1.3336776129527657)
(38,1.346337121125419)
(27,1.361838842450003)
(31,1.3764328291523809)
(34,1.7687975037583687)
(0,3.3554764390024694)
(20,6.6414096850117685)
