(8,0.9737998467235178)
(57,0.9738151258965966)
(24,0.9753424951997575)
(71,0.9765207876754249)
(51,0.9765207876754252)
(14,0.980728146093897)
(36,0.9809800306211706)
(10,0.9830143140641049)
(52,0.9870026769330872)
(65,0.9874081805912525)
(11,0.9890820986879145)
(72,0.9969772862232043)
(88,0.9982254366647437)
(12,1.0051163878458227)
(76,1.0051820446185185)
(1,1.0065581203180893)
(95,1.0070564875212262)
(5,1.0082139985774696)
(48,1.0138914509463453)
(53,1.0454928580100262)
(28,1.045748199366758)
(68,1.0461802070697743)
(50,1.0462767977844472)
(31,1.0477330467305102)
(4,1.0521677781380236)
(86,1.0524602681509134)
(13,1.0533141814349505)
(2,1.0538497931832733)
(78,1.0552475271755442)
(77,1.0553085614113882)
(41,1.06278155274723)
(82,1.0674816092974333)
(81,1.0677646999249049)
(40,1.0678527487926597)
(21,1.0713934110710377)
(29,1.0791176846675197)
(20,1.0804846298052158)
(32,1.0813752516059885)
(59,1.0914414235018663)
(42,1.0997153790142933)
(60,1.1070628808820984)
(90,1.1142304389706248)
(93,1.1151866132784118)
(84,1.1152122110753728)
(54,1.132379771381396)
(67,1.134171702123405)
(44,1.1369670317744713)
(17,1.139615386552006)
(9,1.14501750219721)
(30,1.1468455507416524)
(92,1.1518630482276508)
(25,1.1540640306009555)
(56,1.1546510676877653)
(45,1.1559880407788619)
(22,1.164073840996189)
(39,1.1643032047765813)
(35,1.1645142552692973)
(37,1.1654588106050787)
(80,1.1729644702823068)
(18,1.175224656718844)
(91,1.1828857989571187)
(63,1.1872804862611537)
(15,1.1894163496314936)
(69,1.1899476180602475)
(55,1.1925891608901409)
(97,1.1940998588309337)
(46,1.1970881225192904)
(89,1.204874405249387)
(73,1.2049824160897482)
(94,1.207874145916607)
(38,1.2159431384294515)
(3,1.2196355789459508)
(61,1.2296696369901985)
(26,1.2353990055355826)
(19,1.23908435455726)
(98,1.2444736029186743)
(83,1.2566293282482195)
(7,1.2570795003770656)
(79,1.2606442333597705)
(47,1.2640778988970802)
(85,1.275503452700144)
(87,1.289054870131531)
(23,1.2907747953842832)
(49,1.3031674795484602)
(64,1.3038315851382878)
(96,1.314159503523562)
(43,1.3157092112311177)
(16,1.3175329213107774)
(34,1.323555442024478)
(75,1.3483726506988347)
(6,1.3621058735061757)
(62,1.3622993193510795)
(27,1.3849581224795924)
(58,1.4395079703373865)
(74,1.5101987609284246)
(70,1.6845297206225531)
(0,1.8721894534351176)
(99,5.416869490927726)
(33,7.602718138615079)
(66,7.704557814236329)
