(302,0.971927681581551)
(168,0.9809879446275179)
(19,0.9825595119024965)
(717,0.9845151590347455)
(916,1.0028040062463413)
(125,1.0028040062463413)
(158,1.0076261471784425)
(898,1.0116791132480325)
(167,1.014777315511647)
(270,1.0231864268175426)
(614,1.0424588676367237)
(71,1.056818336551091)
(651,1.0688136893923794)
(253,1.0887093432551134)
(526,1.091265348169983)
(156,1.0913702794483435)
(443,1.1098292597274773)
(688,1.1175737808295405)
(942,1.1197584112605194)
(694,1.1216844013301182)
(130,1.1266138993467951)
(465,1.1271540488567249)
(793,1.1287272975354938)
(157,1.134338747167813)
(128,1.1384331356334587)
(280,1.1392476391555628)
(995,1.1419792740769927)
(500,1.147413547712926)
(981,1.1588500495547944)
(586,1.1642244131544934)
(592,1.1689862228383963)
(485,1.1710577722347786)
(42,1.1718998846607087)
(505,1.1742691111701689)
(150,1.181008344014998)
(91,1.1855791252206367)
(28,1.1857459416296978)
(832,1.187395047924238)
(677,1.190738127883577)
(961,1.1914528385926049)
(342,1.194330938105391)
(605,1.1970895507310657)
(514,1.1998412085256427)
(101,1.1999714318558314)
(504,1.202019681509882)
(699,1.2028057650607806)
(404,1.2033117961829558)
(968,1.2040677778126259)
(359,1.2046795976917386)
(31,1.205852875556799)
(856,1.206447274357558)
(32,1.2081945256259707)
(748,1.2083129746126058)
(619,1.2124995467646897)
(386,1.2128137888826553)
(175,1.2145565491668084)
(685,1.2162166169128399)
(909,1.217556644717668)
(178,1.2176432067106286)
(458,1.2196073873031632)
(820,1.2203498212510755)
(197,1.2217758260089373)
(98,1.2218158497982652)
(598,1.222844536152729)
(295,1.2240610577657425)
(711,1.2240794454438702)
(663,1.2244224602863985)
(370,1.2244390580796711)
(300,1.2245211694682685)
(584,1.2248401131243212)
(291,1.2256511235706558)
(7,1.225805658993113)
(23,1.2284978488133922)
(478,1.2287211555688344)
(194,1.228858259889961)
(830,1.2292795887609176)
(126,1.2304453606034744)
(220,1.2311916239951786)
(686,1.231601939399572)
(948,1.2316848239616232)
(2,1.2318549846994726)
(753,1.2320808679890014)
(616,1.2325669232262746)
(983,1.2328932738868066)
(593,1.2336077121921176)
(923,1.2341981333469931)
(82,1.2347695286597238)
(871,1.2351908462747416)
(779,1.2357701277667545)
(348,1.2358758588268628)
(985,1.2364377561422961)
(63,1.2376497084649372)
(174,1.2376525437842976)
(344,1.2378895369391583)
(322,1.2379144678162117)
(54,1.2380343664817548)
(646,1.2382183448921926)
(266,1.238616157029091)
(534,1.2388039304167595)
(602,1.2397785920284388)
(669,1.239808046440806)
(209,1.2398439222173747)
(818,1.2401508038812328)
(299,1.2403339638981048)
(134,1.2405725666183236)
(195,1.2407902624626037)
(879,1.2407991888290988)
(615,1.2418708509427259)
(706,1.2421497600782228)
(522,1.2429431435952156)
(745,1.243072191289483)
(790,1.243284303061031)
(389,1.2433033684446038)
(513,1.243527249472471)
(766,1.2437865327207338)
(181,1.2438772043503696)
(472,1.2440114833286404)
(138,1.2442568022687812)
(3,1.2443319333268794)
(70,1.2463653971864421)
(164,1.2468266783631887)
(319,1.2472182329936354)
(575,1.247421053814381)
(529,1.2479551269464622)
(525,1.2480661130611177)
(937,1.2481429600788343)
(896,1.2488011845391687)
(680,1.2495892195914031)
(64,1.2503139618680739)
(232,1.250346714223379)
(620,1.2505695404580517)
(875,1.2506175413473706)
(340,1.250689997720242)
(311,1.2510197178785667)
(865,1.2516219149209917)
(383,1.2516476715119218)
(589,1.2516790591823335)
(217,1.2517330427866684)
(657,1.2519030139743663)
(558,1.2525757493827814)
(831,1.252766436886393)
(567,1.2540339172344024)
(642,1.2540764721825188)
(446,1.2540919579992613)
(497,1.2542415780581866)
(784,1.2545040817123103)
(644,1.2547664454599141)
(652,1.2548765507448074)
(778,1.2551081482095836)
(527,1.2553585250208694)
(931,1.2556631160457887)
(862,1.2563981747077229)
(155,1.2569957628552244)
(136,1.2572153695069943)
(110,1.2575733628284222)
(687,1.2586304872358098)
(907,1.259580513817345)
(741,1.2596589976406367)
(422,1.2597561066546794)
(229,1.2601579581421196)
(76,1.260382616876123)
(553,1.2604654120667707)
(282,1.2606440361989064)
(606,1.2608099564628048)
(696,1.26083772999789)
(938,1.26095793809844)
(345,1.260969880295381)
(695,1.2612884577257557)
(283,1.2618848201122574)
(810,1.2619555366503907)
(958,1.2621827974055229)
(312,1.2623121098309356)
(188,1.2626638271475308)
(925,1.2626868851485207)
(749,1.2633863491202095)
(989,1.263747852604531)
(769,1.2639258304251775)
(166,1.2645457153647015)
(578,1.2650656712384694)
(38,1.26540640586518)
(520,1.2654186631580084)
(57,1.2655194040297428)
(129,1.2658619635540274)
(725,1.2661084371172702)
(154,1.2664789804950476)
(980,1.266518953171508)
(872,1.2666129262217984)
(496,1.2666718806885384)
(133,1.2667090019017682)
(664,1.2670652005263097)
(51,1.2673314658616888)
(920,1.2673745589507084)
(721,1.2679048308676755)
(715,1.268213864283973)
(205,1.268489344667269)
(767,1.2685795172852072)
(362,1.2686646538615902)
(933,1.2687043098625317)
(859,1.2693688835272314)
(244,1.2694416852407062)
(351,1.2695165505188748)
(316,1.2695400180929997)
(366,1.2699810323986287)
(185,1.2704926219253745)
(845,1.2704973776611108)
(692,1.2710756359592459)
(77,1.271241744483984)
(364,1.2714352924479797)
(809,1.2716374521566003)
(430,1.2716374776037658)
(272,1.2718295090222063)
(658,1.271872263714005)
(18,1.2719088625955541)
(785,1.2720160716842404)
(321,1.2720825878033748)
(716,1.272082778699327)
(868,1.2727315080908095)
(861,1.2727486751432449)
(774,1.2729770696634226)
(338,1.273124122527533)
(69,1.2733625922322902)
(410,1.273387464616949)
(222,1.2734967169120617)
(310,1.2735172916210544)
(781,1.2739913323565002)
(41,1.2740866801455268)
(417,1.2741644002575396)
(189,1.2746428508277725)
(113,1.2748618141222217)
(68,1.2753474713918365)
(301,1.2754142350003854)
(906,1.275635810246009)
(498,1.2759459403754931)
(329,1.2766432781271793)
(182,1.2770613944777218)
(30,1.2773350173410472)
(670,1.2774717967000704)
(544,1.2776505389371653)
(85,1.2778473154950791)
(580,1.2780131965998087)
(355,1.2780180835386017)
(471,1.2780499888152916)
(286,1.2784935422795332)
(703,1.278986672530678)
(538,1.2791865797144502)
(287,1.2792715105556474)
(776,1.2793647007192412)
(240,1.279649011427019)
(817,1.279688005523534)
(959,1.2802652235289373)
(780,1.2805175232910437)
(997,1.2806158437850144)
(475,1.280725053962806)
(926,1.2807323043061687)
(888,1.2808445431685047)
(251,1.2810086687677595)
(435,1.2813108420607962)
(674,1.2813589791841404)
(380,1.2819210601769362)
(732,1.2819618549798208)
(171,1.2819985376534504)
(576,1.2820241665844065)
(237,1.2820942477255937)
(491,1.2821889435753977)
(148,1.2822221844685342)
(447,1.2822965452240116)
(800,1.2825209164418692)
(915,1.2826982288359865)
(159,1.2828259997240983)
(121,1.283060720688672)
(738,1.283084755633974)
(187,1.2831290235244386)
(4,1.2831539990765235)
(17,1.2833083306925415)
(109,1.2833426948430746)
(22,1.2835924766700766)
(477,1.283646552204073)
(227,1.2836891983621643)
(945,1.2840741876996202)
(387,1.2840886973108814)
(539,1.2842726642126103)
(337,1.2845009988122786)
(21,1.2845478550502143)
(236,1.2846048961259875)
(448,1.2846592342790248)
(357,1.2848818204276198)
(838,1.285020757915026)
(731,1.2851854356909274)
(142,1.2854632140968043)
(100,1.2855045347090237)
(585,1.2855412509411672)
(13,1.285578064667376)
(708,1.2857620274365704)
(992,1.286206652046397)
(562,1.2862300034223135)
(982,1.2863403526630406)
(789,1.286754241643474)
(697,1.2869634150391005)
(414,1.2870517842654698)
(722,1.2871277353752386)
(812,1.2871793961413935)
(991,1.287783223617515)
(43,1.2881813973520657)
(556,1.2882755670239256)
(887,1.2886947828379631)
(275,1.2887924439181133)
(630,1.2890110523721134)
(900,1.2892228167530242)
(613,1.289346775284783)
(629,1.2894234640689994)
(323,1.289460990254885)
(284,1.2895040614778015)
(230,1.2896550400121782)
(813,1.2898133194641812)
(827,1.2900631345684543)
(25,1.290279394052444)
(438,1.2904564687440552)
(397,1.2907593493942784)
(537,1.2909383101310985)
(172,1.2910849908550783)
(9,1.291214387344447)
(815,1.2912158934956506)
(122,1.2914437640772582)
(406,1.2916544673869983)
(564,1.2917012048161804)
(112,1.2918741381117766)
(274,1.2920367284336085)
(572,1.2922191931092706)
(569,1.292231911269511)
(855,1.2922390920633582)
(742,1.292370896248381)
(191,1.292509271813035)
(864,1.2925898013594777)
(636,1.2926950647089401)
(565,1.2927455924221565)
(517,1.2931440934989646)
(52,1.2931447342293758)
(139,1.2932697704710243)
(388,1.2934959352401003)
(511,1.293770415435579)
(96,1.2941787737199526)
(490,1.2942627151741097)
(87,1.2945957712652851)
(53,1.2946043964837004)
(296,1.2948255538138704)
(541,1.2950997493628413)
(773,1.2954014899494284)
(610,1.2956601785412567)
(571,1.2957668674763254)
(922,1.295973976486845)
(426,1.2960688782481662)
(974,1.29609282577595)
(535,1.2961008729597647)
(760,1.2963259359865844)
(791,1.2963934358227633)
(473,1.2965291516005162)
(369,1.2966783444674592)
(993,1.2967067162246244)
(502,1.2967933496985802)
(582,1.2968999905868561)
(878,1.2969679098399696)
(492,1.297440836460447)
(80,1.2974551821110574)
(727,1.2980423899602764)
(20,1.2980884114529598)
(675,1.2982203140617556)
(61,1.2982949804321975)
(881,1.2986092602641526)
(768,1.2988906799495443)
(466,1.299030724566917)
(890,1.2992431617051865)
(214,1.2993613428188222)
(655,1.2994067544535852)
(678,1.2994296685054298)
(962,1.2995585694136629)
(788,1.2996756969080967)
(635,1.3002244190538412)
(305,1.3004694158884988)
(837,1.300473415322319)
(719,1.3004780606102846)
(966,1.3006218953971904)
(481,1.3006791890563747)
(877,1.3006819477548857)
(269,1.3007451838791277)
(645,1.300927655960136)
(259,1.300927746909633)
(436,1.3010176353601008)
(146,1.3011393885661966)
(608,1.3011489664465519)
(802,1.3016317081737079)
(712,1.3017874120570812)
(555,1.3019319536638096)
(516,1.3022230693412464)
(102,1.3023479852597204)
(798,1.3025497373529422)
(654,1.3025648842149296)
(640,1.3026797770142957)
(617,1.3027951158561566)
(969,1.3029969889067596)
(480,1.30308856093986)
(597,1.3031037938087933)
(442,1.3031197984191951)
(929,1.3032296655831934)
(313,1.3036843856934728)
(163,1.3042353275643215)
(930,1.3045097490525812)
(806,1.3046371874243812)
(518,1.3046729232976486)
(124,1.3047503824287925)
(797,1.3047768352426967)
(889,1.3048688578313832)
(409,1.305154972384211)
(356,1.305304090032832)
(379,1.3054622034662693)
(950,1.3054834764526764)
(523,1.305514491509723)
(212,1.3056041681801034)
(452,1.3057469535422521)
(701,1.305890812563579)
(468,1.3059959162704675)
(603,1.3062040679372016)
(78,1.3062294111665114)
(650,1.3063247974727814)
(327,1.3066768662172623)
(786,1.3067889022921229)
(56,1.3071072262138195)
(979,1.3071199500862443)
(625,1.3073474184432041)
(199,1.3076547676131665)
(394,1.3080400736336741)
(762,1.3080593156004656)
(782,1.308061625608929)
(65,1.3080963803792947)
(796,1.3081158429408322)
(795,1.3082749550260762)
(445,1.3082866147087198)
(902,1.3083419968532062)
(457,1.3084362023951113)
(120,1.3085709916962978)
(501,1.308731999190184)
(596,1.3087474870571303)
(643,1.308954945123336)
(970,1.3089696458484583)
(494,1.3089697324772733)
(816,1.3090994179009834)
(723,1.3095785858530253)
(659,1.3098234679530862)
(512,1.3099349394774589)
(587,1.3101666112179513)
(836,1.3102369009868764)
(36,1.3104305771105693)
(956,1.3108144903362942)
(81,1.3108903799943616)
(304,1.3109207556326175)
(752,1.311128522762635)
(50,1.3111384305382372)
(536,1.311158554881357)
(374,1.3112012171136507)
(834,1.3112460558229226)
(434,1.3114912037324573)
(724,1.3115069686596657)
(667,1.3116307984946431)
(339,1.3121269683885095)
(463,1.3124061933321685)
(747,1.3126782346778487)
(821,1.312792336405586)
(147,1.3130561004996273)
(913,1.3132958228889913)
(293,1.3133821545090307)
(90,1.3136493249249672)
(332,1.3136881290340578)
(976,1.3137434486741921)
(489,1.313755737539746)
(493,1.3137738466046438)
(86,1.313803335110387)
(843,1.3138384984736227)
(943,1.3141531971056395)
(413,1.3143781085921706)
(261,1.314544440572888)
(944,1.3145546508330799)
(844,1.3145844317334452)
(775,1.3149726915768731)
(143,1.3150394574257314)
(955,1.3152635318549013)
(665,1.3152647201981775)
(728,1.315486821233555)
(622,1.3157023162714336)
(515,1.3157034369935994)
(1,1.3157329655381833)
(8,1.3157342509883283)
(306,1.31576653636735)
(811,1.3157873544073415)
(400,1.3158078768690085)
(540,1.3159802134862466)
(375,1.3161570524335224)
(892,1.316229832476658)
(912,1.3162532767164312)
(381,1.3163096382093953)
(772,1.3164620588958411)
(588,1.316572543860341)
(805,1.3167028941886758)
(857,1.3169138316950983)
(193,1.3170540349890254)
(975,1.3171366018385393)
(684,1.3172905184037838)
(271,1.3173897554233052)
(210,1.3174166249493706)
(883,1.317624057359888)
(563,1.317844356565267)
(432,1.3180138089290216)
(408,1.3182332440938784)
(828,1.3182357977018508)
(927,1.3183552757045507)
(840,1.3183591358472238)
(358,1.3188982173692456)
(385,1.31891797980708)
(318,1.319006779171973)
(211,1.3190758014073236)
(547,1.3191040447051363)
(638,1.3191705908726195)
(951,1.3191752804412054)
(15,1.3193760682168598)
(799,1.3193968945328012)
(131,1.3194370588181477)
(941,1.3196107420478138)
(107,1.3201383139183354)
(649,1.320262015409276)
(213,1.3203190450068474)
(26,1.3204803310673447)
(893,1.320574856907404)
(641,1.3208472340078525)
(917,1.3208982116354748)
(12,1.3210110042302237)
(361,1.321162274956316)
(546,1.3213806866392876)
(998,1.3213981523131653)
(74,1.321465521031417)
(346,1.3215042289794336)
(460,1.3215444204098983)
(459,1.3215933093304117)
(691,1.3220166140848824)
(27,1.3223544330305772)
(105,1.3226900331216238)
(761,1.3229488238648233)
(67,1.3231498068826326)
(935,1.3232611729298822)
(29,1.323304379529828)
(488,1.3236512976499966)
(822,1.3236764603846134)
(863,1.3237940919013327)
(233,1.324138638786821)
(464,1.3245475521353502)
(83,1.3246622842507354)
(44,1.3247200612296122)
(141,1.3248123512684582)
(600,1.3248142999824122)
(162,1.32498838924405)
(700,1.325076377723066)
(273,1.3252491888679556)
(206,1.3253484785443799)
(391,1.325420884226563)
(428,1.3254504763738524)
(763,1.3255814380067312)
(833,1.3257164268863042)
(390,1.3257842660154773)
(895,1.3259368306972825)
(223,1.325977149588819)
(75,1.3261057059685581)
(144,1.3261355776734032)
(639,1.3261613347107115)
(40,1.326251390542787)
(934,1.326595154355683)
(705,1.3268314630863176)
(6,1.3269699867903542)
(341,1.3269721743339231)
(103,1.3270895800596736)
(618,1.3271348309781226)
(720,1.3273995963763738)
(242,1.327418275127602)
(826,1.3275871478949262)
(354,1.3276411052585313)
(607,1.327979100010909)
(368,1.3279851942162186)
(631,1.328014225300468)
(624,1.3281250227583055)
(215,1.3283005567634558)
(183,1.3284390988297738)
(276,1.328446437436985)
(581,1.3287581892873381)
(739,1.3287779599205736)
(192,1.3289301387803663)
(407,1.3289330720467676)
(689,1.3289976073981795)
(750,1.3291484061720307)
(666,1.3292469621780043)
(850,1.32936217040411)
(35,1.329417505405567)
(360,1.3294394321979777)
(960,1.3294484481484707)
(5,1.3295342131488348)
(474,1.3295394395952016)
(234,1.329834094484872)
(873,1.3299876172423823)
(486,1.330030846488589)
(241,1.3300464604368483)
(349,1.3301411252108113)
(595,1.3302447765467829)
(169,1.3309636275231436)
(315,1.3311778747946659)
(418,1.3313623231668807)
(621,1.3313926436621917)
(135,1.3315589306217548)
(118,1.3316408325834312)
(392,1.3316477055599603)
(176,1.3320021970218494)
(376,1.332052749715425)
(335,1.3326058729834394)
(325,1.3332447078909444)
(510,1.333304759128856)
(347,1.3334546330314818)
(509,1.333470343826557)
(461,1.333550027446903)
(524,1.3335731570162765)
(160,1.3336583350641824)
(977,1.3337701137281839)
(771,1.3339822924533276)
(334,1.3340086260486383)
(550,1.3343598588489887)
(568,1.3343820547243372)
(698,1.334434400105634)
(829,1.3345397095979321)
(450,1.334582775743097)
(45,1.334626501522936)
(257,1.334687323230486)
(324,1.335217771867203)
(803,1.3352250928700753)
(59,1.3355072284194702)
(308,1.335536042958475)
(440,1.3355685691630892)
(601,1.3356401060933318)
(320,1.3357061647025212)
(897,1.3358514143533002)
(854,1.3360398996697993)
(254,1.3362391142567558)
(946,1.3362726480314489)
(398,1.3362986331787685)
(455,1.336362986015186)
(72,1.3365147109734499)
(441,1.3371585864429787)
(967,1.3372858301714547)
(289,1.3373689254678838)
(249,1.3374395821260896)
(853,1.3378653060552188)
(34,1.3379824860299345)
(483,1.33799485825952)
(573,1.3382395181635756)
(884,1.3384255380941237)
(479,1.339160802039761)
(303,1.3392748695518069)
(73,1.3395288119270716)
(914,1.3397134158212871)
(559,1.3397679677749026)
(252,1.3398091036593407)
(260,1.3403303863462777)
(419,1.3403428398439856)
(704,1.3404628126485159)
(60,1.3406406635881472)
(203,1.3406760497037775)
(839,1.3407569379252855)
(487,1.3408636919958705)
(326,1.3409208421229166)
(190,1.3412884408197077)
(218,1.3414664274742663)
(238,1.3415069614894948)
(908,1.3415983719288571)
(533,1.3416475599978157)
(420,1.3418152886266566)
(277,1.341921326860008)
(149,1.3419227856091214)
(395,1.3420004223443398)
(604,1.3423807286910157)
(681,1.3423820783913067)
(309,1.3423962045878497)
(170,1.3424238395075623)
(609,1.3425781516508286)
(947,1.3428132466932021)
(807,1.3429415169435728)
(399,1.3434410112703756)
(16,1.3437323782177952)
(905,1.3443242162431985)
(876,1.34463097075219)
(476,1.3450878821103422)
(499,1.3451358651369911)
(152,1.3454795099375814)
(333,1.3455094534936716)
(127,1.3455812939731147)
(661,1.3459289953362283)
(994,1.3463634819480468)
(200,1.3464187418885152)
(808,1.3466057129669244)
(371,1.3466845409559176)
(963,1.3466918201560554)
(764,1.346750659973855)
(682,1.346833452130147)
(258,1.3468633308023243)
(255,1.3470186686443384)
(634,1.3470256167137837)
(243,1.3473129914465487)
(579,1.3475310000655425)
(247,1.347662908339451)
(256,1.347781754085071)
(988,1.348600095058105)
(89,1.3486916996884495)
(93,1.3489171879496227)
(248,1.3492086697430208)
(331,1.3492484847763453)
(173,1.349559579780251)
(804,1.349709226446475)
(24,1.3500990266939044)
(671,1.350435061617775)
(656,1.350465984363129)
(108,1.3505586376708545)
(554,1.3508407808984668)
(317,1.3508933194008044)
(870,1.3510381056030147)
(115,1.3511602541552439)
(730,1.351280486217784)
(987,1.3515708029484936)
(221,1.351629892031426)
(653,1.3516621148174157)
(401,1.3516891992268374)
(111,1.3517121921448527)
(577,1.352176920975051)
(814,1.3523106916307104)
(245,1.3523952488422302)
(484,1.3525718425427495)
(411,1.35280774051112)
(423,1.353172729661652)
(216,1.3533191877154083)
(683,1.353414451084019)
(668,1.353457703652934)
(702,1.3536642122925928)
(566,1.3537014866998673)
(557,1.3541910144846874)
(679,1.3544961532943933)
(151,1.355109985021593)
(648,1.3555180217041425)
(37,1.3555967528418627)
(281,1.3557135489171745)
(46,1.356105029441029)
(140,1.3561709640110864)
(932,1.3563764212517688)
(999,1.3565392946981996)
(467,1.3570888809101536)
(11,1.3572376093336476)
(425,1.3572880864365697)
(427,1.357381207039765)
(503,1.3578400149766654)
(145,1.3580135824411568)
(973,1.3581816313933912)
(184,1.358487171865521)
(377,1.3585382381318818)
(801,1.3586055902028664)
(758,1.3588187673759227)
(506,1.358926073378029)
(740,1.3590228206429167)
(239,1.3591521957807473)
(965,1.3593183484070561)
(846,1.3594734761595064)
(777,1.3597097628834443)
(707,1.359832740060352)
(972,1.360470858753007)
(250,1.361184351122659)
(591,1.3611972477304484)
(901,1.3613788765947932)
(794,1.3615254167760873)
(885,1.361577335726176)
(403,1.361897305817669)
(787,1.3620653715749997)
(952,1.3621003341316065)
(106,1.3621408274783502)
(519,1.3622761152259197)
(847,1.362405513692168)
(48,1.3628373809775098)
(574,1.3629993684743305)
(819,1.3632074217416563)
(424,1.3632732522897686)
(611,1.3633720038206611)
(735,1.3634493537749985)
(570,1.3635691744102372)
(201,1.363604280938075)
(921,1.363829277785862)
(79,1.3639829414899307)
(153,1.3644871999151678)
(415,1.3646675856666666)
(867,1.364858249305141)
(676,1.3656357494103297)
(545,1.3659044164530816)
(97,1.3661426289602296)
(246,1.366477700503901)
(439,1.3664815359129)
(268,1.3667751254811804)
(226,1.366799163213099)
(751,1.367094769981944)
(743,1.3674023497713779)
(207,1.3676045612316083)
(285,1.3679292149377573)
(543,1.3684036056701012)
(292,1.3688478580380656)
(590,1.3690195208614602)
(92,1.3690415156805074)
(186,1.3690846324948336)
(623,1.369540138638126)
(949,1.369584456113511)
(470,1.369644009393332)
(444,1.3705288622695841)
(910,1.3705818092050228)
(352,1.3707561994110884)
(709,1.3711516460015463)
(267,1.3712212646931377)
(754,1.3713957314364575)
(851,1.3719230341662079)
(824,1.3725273152559108)
(971,1.3728983241664123)
(940,1.3732225483663123)
(911,1.3733087646258915)
(953,1.3736811143054852)
(177,1.373981906564644)
(290,1.3744031226595408)
(94,1.374466245243713)
(755,1.3745456471260613)
(343,1.3746873719790607)
(866,1.374804691702598)
(449,1.3750761734876018)
(984,1.375090280224635)
(531,1.3752460768336197)
(353,1.3754945444764275)
(294,1.3755678192249463)
(469,1.3760109459611949)
(421,1.3767294261854361)
(350,1.3768728380906181)
(737,1.3770491552332285)
(904,1.377233023849621)
(119,1.3775596271176347)
(770,1.3780700926888663)
(612,1.3780995078118317)
(899,1.3791228458515714)
(783,1.3791713632950047)
(95,1.3799073842763867)
(384,1.3801198413264382)
(918,1.3806689670653205)
(307,1.3807094117195657)
(402,1.3808466629432614)
(852,1.3811658833537823)
(47,1.3815096971544654)
(412,1.3819176914970472)
(542,1.382012827920352)
(928,1.382215004378583)
(453,1.3822593126575806)
(208,1.3823095229847662)
(823,1.3836142852200066)
(936,1.3842596664767777)
(860,1.3847691406487785)
(734,1.3851265746673582)
(996,1.385612911923198)
(328,1.3856287060395738)
(219,1.3856734304706946)
(262,1.3857625767890236)
(180,1.3861002005496397)
(137,1.3869862755548614)
(690,1.3873503725814136)
(393,1.38781408013642)
(235,1.3879897900740912)
(116,1.3880784271633353)
(482,1.3889026619666145)
(552,1.388938383479519)
(637,1.390366964212961)
(114,1.3907647261877736)
(835,1.3911490698381879)
(508,1.3911724901025209)
(196,1.3911783492870804)
(521,1.3912903958716625)
(49,1.391661343825319)
(880,1.392066404086761)
(757,1.3923192533029685)
(55,1.3923647375516224)
(882,1.3928121080258093)
(954,1.3937497403138575)
(919,1.3945553892242175)
(729,1.3951691904125465)
(224,1.3952617803170404)
(437,1.396532380013688)
(549,1.397663403629095)
(647,1.3986344612699106)
(599,1.3989561040668053)
(841,1.3991367959207193)
(433,1.3992155534366524)
(204,1.3996545977237018)
(431,1.4000898751227544)
(548,1.4005811373046533)
(58,1.4007623895840722)
(228,1.4010887982054216)
(672,1.4017128254838342)
(161,1.401732691603377)
(507,1.4024254602077462)
(733,1.4033941308533253)
(842,1.404388464527705)
(713,1.4052861042585054)
(104,1.4055770739059892)
(765,1.4059414921281106)
(532,1.4059472968696725)
(88,1.406834687808951)
(718,1.4080894906713726)
(673,1.409392376885877)
(560,1.4099771216888273)
(202,1.410385329697662)
(454,1.4148268831773325)
(632,1.415399859536055)
(746,1.4155229044381614)
(265,1.4168132375844291)
(62,1.4170688435343313)
(405,1.4176768150811054)
(869,1.4181250074511849)
(288,1.4188657697399438)
(117,1.4208624697472971)
(416,1.4215722879762898)
(756,1.422314360122822)
(263,1.4230159618601108)
(626,1.4258691250734985)
(978,1.4261099716197252)
(874,1.4281693582604846)
(365,1.4286304336089732)
(894,1.43080080546673)
(628,1.4320257955689495)
(179,1.4320408857259994)
(964,1.433145317574045)
(456,1.435432640081064)
(14,1.4358642789047253)
(848,1.4359644306201955)
(225,1.4365033288640692)
(710,1.437639015423558)
(367,1.438796952724699)
(378,1.439810749064754)
(939,1.439814120366324)
(551,1.4403528446783493)
(298,1.4415974039994819)
(10,1.4430103344530727)
(903,1.4458370128262241)
(530,1.4462286325775842)
(633,1.4494722165004048)
(314,1.452002584045528)
(39,1.4534765029988346)
(662,1.454221280412798)
(986,1.4543553907778646)
(336,1.4611867815113457)
(84,1.469084853945575)
(886,1.4709782060187384)
(744,1.4778216201912182)
(372,1.4804667300047563)
(278,1.4813162030901978)
(451,1.482617577162166)
(583,1.4923021587472751)
(849,1.4981303955654661)
(736,1.515026602796445)
(123,1.5305934033734143)
(382,1.549487208637779)
(373,1.6405283471207464)
(714,1.9013323887730489)
