(614,0.9808923547867068)
(167,0.9828940793544416)
(158,0.9863357573642451)
(168,0.988908397002337)
(302,0.9911359197477675)
(916,0.992545974412868)
(125,0.9929961845887072)
(898,1.001756557812911)
(19,1.0057613040244384)
(717,1.0081852134619818)
(270,1.0103416506041702)
(586,1.0246517948074625)
(71,1.0407815858811849)
(616,1.0544855814441194)
(651,1.0631587806178853)
(688,1.0810054745997197)
(253,1.0839810054715775)
(156,1.0844608663721278)
(526,1.088088004236768)
(942,1.0885383017489765)
(130,1.0930168105272098)
(465,1.0963162805077302)
(716,1.1021020237229715)
(443,1.1039136535999332)
(280,1.106698015393258)
(793,1.1075306171272146)
(157,1.114948885026785)
(995,1.1156420252123582)
(694,1.1173768269289484)
(128,1.1323389341725982)
(241,1.1386032663253252)
(677,1.1419755077690392)
(30,1.142378130344069)
(31,1.1440150737217067)
(28,1.146812846335184)
(485,1.1520185610266274)
(961,1.1535365442132808)
(150,1.1536126194376848)
(175,1.1548202465841517)
(856,1.1568179077505671)
(359,1.1597406916374402)
(478,1.1682533849992771)
(615,1.168607933714297)
(871,1.1764778453650762)
(101,1.1776530585825176)
(741,1.1794757232964401)
(981,1.1797008293106102)
(686,1.1828460385996442)
(505,1.1866351060287192)
(500,1.188485609643103)
(830,1.1894990150159708)
(948,1.191916351653773)
(779,1.1924680905766907)
(194,1.1941911056239385)
(711,1.1948051496051049)
(458,1.196184853439236)
(32,1.1966836429863477)
(136,1.197542268690892)
(767,1.1985215481663898)
(205,1.1994289397329272)
(598,1.2001732960442493)
(831,1.2009969626694281)
(841,1.2013944531359153)
(593,1.2019937002779126)
(486,1.2020758908851026)
(685,1.2036474080406)
(832,1.2051248168106152)
(514,1.2054789524167226)
(504,1.2060650058296731)
(680,1.2066220988350367)
(968,1.2088786457325624)
(126,1.208913434039615)
(42,1.213018856682009)
(513,1.2149870101971212)
(784,1.2153368068716062)
(410,1.216704372528437)
(63,1.2179786770156975)
(980,1.219689018269469)
(817,1.2197094978815917)
(580,1.2199930117110227)
(340,1.2201344546283797)
(91,1.2224506595687181)
(389,1.222681149539942)
(54,1.222799161971552)
(592,1.2237249346097812)
(220,1.2245440317575178)
(820,1.2248005224603793)
(197,1.2253083798548685)
(404,1.2255215059999518)
(749,1.2256553172436653)
(82,1.2261024300023933)
(938,1.227007235776879)
(879,1.2283561057528436)
(766,1.2284786431549506)
(966,1.2296801569855265)
(646,1.2326384186303385)
(527,1.2330474217110392)
(386,1.2354072514198358)
(865,1.2354114148662327)
(232,1.235997868887599)
(310,1.2384367579035456)
(316,1.2387389857352913)
(605,1.2388457186116262)
(687,1.2390165105569992)
(589,1.2395192842278702)
(907,1.2402263211438842)
(602,1.241463132993445)
(464,1.242111618635378)
(745,1.2425819412277772)
(300,1.2432141575248488)
(75,1.2433624572794526)
(525,1.243853016263937)
(581,1.2440317058287804)
(64,1.2442720534372198)
(237,1.2450838639899848)
(644,1.245661695237717)
(442,1.2460323171285468)
(315,1.2460703023170259)
(244,1.2463953015108407)
(575,1.2468849135233755)
(658,1.2474334179182378)
(640,1.247470625871995)
(567,1.2476828246318397)
(816,1.2477499623819315)
(699,1.2484876640679672)
(781,1.2484962277274778)
(909,1.2489440079463088)
(446,1.2492159466687864)
(937,1.2494596621703862)
(466,1.249995291619207)
(989,1.2501106745257937)
(558,1.2505625982849822)
(731,1.2507663898910373)
(195,1.250952078290306)
(361,1.2526779909827832)
(98,1.2534183276953)
(100,1.2534821820691577)
(23,1.2535407414552422)
(748,1.25483115013924)
(133,1.2549500557379196)
(266,1.2550875788310236)
(283,1.2551383446883784)
(78,1.2561882704398988)
(344,1.2568106863257535)
(291,1.2575257266601512)
(282,1.2583432761848476)
(859,1.2597965068011818)
(663,1.2598784007109094)
(191,1.2599086247981468)
(7,1.260283711327179)
(553,1.2603757901198789)
(178,1.2605051586002822)
(664,1.2617533384408377)
(753,1.2619451913899857)
(828,1.26195410641218)
(113,1.2621573453440589)
(129,1.2627754884915943)
(812,1.2628296149081983)
(76,1.2635738578635214)
(983,1.264003385820403)
(222,1.2646547915339286)
(166,1.2648020725079208)
(272,1.2649240945076963)
(182,1.2650861878164286)
(920,1.26529221074617)
(818,1.2655532769473803)
(645,1.2656918206974455)
(333,1.2657143178907466)
(185,1.2657854452113548)
(796,1.2657987588003108)
(809,1.2659768271260037)
(529,1.2663609520142092)
(774,1.2665275973077863)
(229,1.2666356854260357)
(608,1.2670557122792856)
(534,1.2673054285776477)
(22,1.26762292982256)
(958,1.2677010692970059)
(25,1.2679739253572413)
(355,1.2679817927596342)
(3,1.2680403970181404)
(926,1.2680640497372222)
(671,1.2686158924538253)
(890,1.2687411865160383)
(311,1.2692827179883166)
(148,1.269484013136302)
(55,1.2698412638784393)
(584,1.270252827932054)
(475,1.2703611865380071)
(370,1.2704712226412922)
(815,1.2705172000317342)
(77,1.2706219743984375)
(496,1.2706698195133237)
(438,1.2708745753425736)
(838,1.2708918914270584)
(154,1.2710860925243945)
(933,1.2712212774644018)
(426,1.2713531213956932)
(383,1.2714604965048824)
(356,1.2715361039317594)
(217,1.2719308927771913)
(778,1.2719440247143223)
(665,1.2719810168164836)
(498,1.2722318230409397)
(945,1.272298475475019)
(657,1.2723114240726097)
(342,1.2725362793261634)
(845,1.2727786416383884)
(708,1.2727889250754407)
(536,1.2731940046520351)
(366,1.2733484722687236)
(338,1.2737228777085394)
(116,1.27378213512839)
(181,1.2740501289995765)
(636,1.2740647397281657)
(833,1.2742331885020202)
(435,1.2743417750171813)
(619,1.2743882685289611)
(857,1.2746362481250435)
(447,1.2746889937075763)
(715,1.2750050881253658)
(109,1.2752028932914923)
(4,1.2753318458779388)
(105,1.2753445990916468)
(906,1.2755683762101782)
(299,1.2756138037693683)
(332,1.2758641550270107)
(695,1.2760508008146074)
(387,1.2761027543694583)
(142,1.2762801417204415)
(430,1.2763144368369403)
(477,1.2763360168047941)
(502,1.2764204117892146)
(307,1.2765238740340727)
(613,1.2767993357150151)
(1,1.2769558593929318)
(274,1.2773640181922317)
(991,1.2774085336793142)
(295,1.2779544354119183)
(21,1.2782943620017173)
(742,1.2784085018795233)
(459,1.278471160006603)
(103,1.2784942154163763)
(70,1.2785249217655228)
(41,1.278631732742478)
(164,1.2786555607010834)
(313,1.2786584012664852)
(159,1.2787301538037197)
(85,1.2788553938524099)
(642,1.2788648327707273)
(155,1.2792546136745229)
(610,1.2795706758063714)
(692,1.2795782944661083)
(872,1.2800550370330748)
(834,1.2800623293912006)
(187,1.2801901820403048)
(138,1.28021992270606)
(696,1.2805348998806716)
(518,1.2805455359002798)
(183,1.2806816269960786)
(457,1.2808262911969215)
(929,1.2811603297448897)
(251,1.2814720452018233)
(992,1.2814754801486907)
(669,1.281871672113442)
(620,1.2820095973368237)
(306,1.2820780878620008)
(357,1.2822009291815273)
(826,1.2822841935085205)
(322,1.2824121719257118)
(90,1.2825118055955818)
(369,1.2825517441554561)
(261,1.2831834253305405)
(959,1.2834123088844234)
(752,1.28345825615963)
(206,1.2836541016472707)
(821,1.2840358659062923)
(993,1.2846102567142625)
(118,1.2850633117717853)
(259,1.2850659468979104)
(912,1.2851705561891666)
(489,1.2853561363662753)
(345,1.2856866117895203)
(732,1.28589547597043)
(38,1.2859941938227104)
(296,1.2861351902202083)
(61,1.286349923393839)
(877,1.2864582237261024)
(862,1.2867571339558916)
(57,1.2868494499441898)
(12,1.2869579904946067)
(855,1.2873010474288136)
(780,1.2879750197069917)
(334,1.2880308434095762)
(209,1.2882982405704084)
(362,1.2884377214647598)
(597,1.2884494671576592)
(703,1.2885700519561623)
(2,1.2888043866150718)
(697,1.2888808972882544)
(87,1.2889221931557253)
(776,1.2889401783991323)
(970,1.2891095954732776)
(596,1.2892918365572479)
(9,1.2894556584435761)
(538,1.2894833003416584)
(652,1.2896630646924208)
(827,1.2902288374791295)
(145,1.2902805006233935)
(17,1.2904620546379517)
(701,1.2905726610006918)
(848,1.2905853114169699)
(544,1.2906007810094107)
(417,1.2913850312786948)
(517,1.291407755589807)
(174,1.2916445265173813)
(764,1.291738584042318)
(351,1.2920441202423578)
(630,1.292203888020843)
(997,1.2929235372597983)
(655,1.2929908141804185)
(913,1.2931396852435184)
(579,1.2933023238822765)
(956,1.2934200037312649)
(364,1.2934524207569877)
(413,1.2936479183180567)
(240,1.293688818583747)
(788,1.2944920088554122)
(562,1.2945943083829434)
(881,1.2948856397103206)
(471,1.2949307043795077)
(385,1.2950435738333874)
(522,1.2951304476121523)
(6,1.2951350704252145)
(982,1.295201406907404)
(491,1.2953829702577915)
(492,1.2954277845692397)
(587,1.2954420052039761)
(875,1.2956781823080117)
(497,1.2957017243078293)
(837,1.2962700637303781)
(988,1.2965174884214745)
(548,1.29653302386353)
(13,1.296881964680182)
(376,1.296883208768383)
(127,1.2969416335507296)
(321,1.2969849947561622)
(275,1.2970980338108313)
(479,1.2971483554328744)
(795,1.2974070057357936)
(578,1.297604205826108)
(493,1.2978482980903492)
(134,1.2979724425767616)
(26,1.2981984001978346)
(814,1.2982305553607516)
(463,1.2983799221440526)
(802,1.2984400812287147)
(472,1.2986079131442132)
(722,1.2986627964714448)
(806,1.2987223279784035)
(918,1.2987571883303772)
(675,1.29901099425757)
(172,1.2990359603208186)
(943,1.2990591946243912)
(896,1.2991203695734976)
(941,1.2991385173382486)
(122,1.2992126036484102)
(725,1.2992266877631304)
(721,1.299436087512349)
(585,1.2994535777978717)
(572,1.2998911405361748)
(188,1.2999208541528537)
(488,1.2999499778451684)
(110,1.2999774572400866)
(606,1.299982525390618)
(210,1.300032516063763)
(537,1.3000570726749567)
(555,1.3008464276803053)
(738,1.3008477735678594)
(381,1.3010100190790659)
(305,1.3010215553568196)
(769,1.301051368267642)
(432,1.3014034696887569)
(20,1.3015677852854295)
(955,1.3016993696174417)
(571,1.3019030774590403)
(873,1.3020204197054353)
(436,1.3021771462663077)
(131,1.3022786750795559)
(868,1.3023277470841768)
(301,1.3023421146043803)
(483,1.3024309646273955)
(323,1.3026602136429977)
(878,1.3027314476947274)
(348,1.3031741575731142)
(414,1.3035406873589133)
(785,1.3038593150686115)
(431,1.3039372014966661)
(843,1.3039556014910725)
(510,1.3040177003009932)
(931,1.3040432820113574)
(243,1.3040651092636233)
(805,1.3040812453373094)
(120,1.304277282375363)
(238,1.3043877803045292)
(271,1.3044037756991775)
(388,1.3046319493534044)
(16,1.304752059010039)
(171,1.3047548920553231)
(900,1.3048980007190367)
(925,1.305095794281561)
(740,1.3051229213439137)
(499,1.3051773542203582)
(712,1.3052745397545074)
(922,1.3054996247162807)
(286,1.3057224172193787)
(674,1.3060948489999373)
(394,1.3063798987953943)
(750,1.3063924126949786)
(379,1.3064170917965205)
(481,1.3067067669419055)
(568,1.3068196694377212)
(329,1.3072127557296132)
(152,1.3073578930829954)
(539,1.307435018133859)
(595,1.3074486201366775)
(448,1.3075370208075328)
(445,1.307962816642823)
(284,1.3079994623049822)
(691,1.3084088529300393)
(501,1.3086552969154162)
(724,1.3086871458796687)
(102,1.3089756291520611)
(303,1.309144089527342)
(853,1.3094709861875957)
(979,1.30962850402042)
(239,1.3096550831539877)
(249,1.3096743689452963)
(352,1.3098571544728776)
(69,1.310010056473882)
(163,1.3100971699168158)
(452,1.3101505631247035)
(719,1.3101551049613678)
(569,1.3104943209665179)
(213,1.3105886439514607)
(189,1.3107579958456608)
(146,1.310910232688428)
(269,1.310974811518967)
(53,1.3111129325568556)
(399,1.3114496300093463)
(975,1.311634421290522)
(97,1.311653842286298)
(50,1.3116958908527492)
(354,1.3117072267668286)
(822,1.3118161945053106)
(418,1.3118564985500756)
(287,1.311965588991503)
(810,1.312107421388996)
(139,1.31227776348968)
(908,1.3122979633364564)
(428,1.3124586903604438)
(242,1.3126855754251743)
(346,1.3127445957925945)
(638,1.312798325219364)
(401,1.3130115298504392)
(309,1.3130776029410092)
(304,1.3131421717224578)
(236,1.3132642927493239)
(611,1.313329988977198)
(523,1.313610143181903)
(73,1.313714784659257)
(790,1.3139186598695554)
(897,1.3139477484781426)
(772,1.3141395570103411)
(659,1.3144077750505745)
(811,1.314602919408579)
(375,1.3148147111848574)
(86,1.3148329463447288)
(494,1.3148394364824354)
(434,1.314871991872206)
(200,1.314889979999383)
(331,1.3149489657742022)
(273,1.3150822098263282)
(121,1.3151278202005736)
(649,1.3151803760021665)
(643,1.3151937929435442)
(46,1.3152182792758425)
(747,1.3152945120452832)
(861,1.315422894319604)
(564,1.3154337449712392)
(56,1.3154853863430611)
(625,1.3155317060513516)
(112,1.3155797054766614)
(5,1.3155811278388527)
(974,1.3156748875058248)
(227,1.3157536789094648)
(839,1.3157625206909997)
(892,1.3158510688320335)
(576,1.31602360188593)
(461,1.3161742737755817)
(617,1.3163429150973336)
(887,1.3163690157126882)
(43,1.31637598253753)
(739,1.3165401917910033)
(923,1.3169558120459561)
(876,1.317142977129741)
(317,1.3173772028480657)
(339,1.3174119797851056)
(888,1.3175568539886888)
(106,1.317674808554193)
(895,1.3178134713434195)
(347,1.3178469539087265)
(45,1.3180561018824244)
(728,1.3181053508182918)
(490,1.3184871370495466)
(473,1.3186161563369958)
(631,1.318737909840488)
(349,1.3187823891939636)
(813,1.3191155453515249)
(800,1.319272933798604)
(422,1.319383758555027)
(775,1.319696437847096)
(234,1.3197274747894567)
(233,1.3197799394341878)
(81,1.319789067473989)
(391,1.319933678563022)
(915,1.3199904142701375)
(18,1.3200112703295799)
(398,1.3200929615936348)
(360,1.3202404912870591)
(760,1.3202703083508995)
(893,1.3202949369336572)
(250,1.3204604931569441)
(618,1.3207380969539082)
(520,1.3211271532619966)
(68,1.321242823040907)
(676,1.3216474430134837)
(192,1.321830450071288)
(836,1.3219874636302005)
(927,1.3220324636329985)
(940,1.3222136246412477)
(368,1.3222324031934702)
(176,1.322475070555108)
(380,1.3225210559138956)
(312,1.3225212365515508)
(786,1.3225283348646188)
(319,1.3229238236623202)
(419,1.323094497438303)
(951,1.3231503276667202)
(730,1.3231749565587585)
(803,1.323319396218577)
(794,1.3233776906764882)
(318,1.323582776608175)
(294,1.3237142882945447)
(15,1.3238539437113994)
(946,1.324179074403678)
(556,1.3242759286648222)
(211,1.3246057838074916)
(985,1.3246947979101813)
(609,1.3247991702203217)
(679,1.3248004918862777)
(107,1.3249876685423625)
(214,1.3250892499272553)
(902,1.3253087473927072)
(484,1.3253640488806764)
(423,1.3253775653033315)
(574,1.3255950696375016)
(653,1.3257065336808436)
(604,1.3258973319867495)
(337,1.3259145135864296)
(601,1.3259363103533286)
(917,1.3263644242898558)
(884,1.3265141355410868)
(474,1.326602926393697)
(641,1.3267594137579464)
(524,1.3268370878306615)
(96,1.3268878613898907)
(516,1.3271513444298308)
(377,1.3274958692601062)
(678,1.327568351257721)
(108,1.327642560127988)
(199,1.327900722294341)
(257,1.327933889201052)
(798,1.3279627851502809)
(350,1.3279847321568894)
(35,1.328381258021549)
(801,1.328793146317147)
(934,1.3287954511408715)
(276,1.3289274232830706)
(256,1.328973755155967)
(94,1.3292780692429025)
(515,1.3294039854297588)
(93,1.3294130984508472)
(976,1.3296009904318309)
(963,1.3297147815651724)
(965,1.3297763847412991)
(208,1.3299854563751925)
(221,1.3300179037777786)
(751,1.3301281451893128)
(153,1.3302424011573277)
(824,1.3303454199475615)
(24,1.330365641021368)
(408,1.330618419807336)
(960,1.3309180419027387)
(223,1.3309327595364808)
(889,1.330951746268296)
(668,1.3311480142006582)
(588,1.331187269349446)
(143,1.3313097219624688)
(684,1.3315841605668226)
(854,1.3316399886521402)
(49,1.3317406115947903)
(535,1.3317778340877064)
(407,1.3318366060014666)
(247,1.3324330346280924)
(308,1.3325369831043157)
(51,1.332588830581892)
(400,1.33262763494538)
(962,1.3326553700645205)
(252,1.3327051387109676)
(390,1.3328017238307999)
(911,1.3330915313427474)
(193,1.3331405965836252)
(203,1.3331552980814327)
(840,1.333459370395516)
(623,1.3334837514574291)
(773,1.3334911745780618)
(648,1.3335644503562754)
(698,1.3336316584365118)
(683,1.3339396366484806)
(547,1.3339849461941233)
(27,1.3339873815904553)
(860,1.3340205849018703)
(36,1.334291482260862)
(335,1.3343601541987011)
(358,1.3344994156219192)
(216,1.3345019522370707)
(720,1.3348165499839653)
(255,1.334832973369222)
(480,1.3350760055840514)
(92,1.335117492040688)
(80,1.3352312077784523)
(212,1.3352605946676157)
(565,1.3354009454916325)
(577,1.3356011361516575)
(540,1.3361116348305353)
(713,1.3363261124327146)
(768,1.3365857923025048)
(44,1.336761356729018)
(29,1.3369454761322421)
(682,1.3369999330093678)
(883,1.3370185847803755)
(905,1.337029559682052)
(254,1.3371589136104325)
(397,1.3373151670867698)
(512,1.3373990985797848)
(79,1.3374715039368168)
(83,1.3376639008695015)
(424,1.337850608231955)
(799,1.3379287398077326)
(427,1.3380362016052578)
(470,1.338246547997426)
(667,1.3383272430501016)
(409,1.3384275347349166)
(733,1.3384520504139894)
(689,1.3386375526430734)
(969,1.3387308198744312)
(460,1.3388819689685125)
(415,1.3390430827045483)
(765,1.339182120347263)
(949,1.3393074932798128)
(670,1.3396311536684957)
(190,1.3404859674141074)
(281,1.3405750968172747)
(635,1.3407649909700947)
(566,1.340776049867993)
(230,1.3408034806679774)
(392,1.3409482527373653)
(590,1.3411561085658326)
(921,1.3413481633823585)
(277,1.3413637947200643)
(411,1.3414793354876369)
(289,1.3414902455025741)
(543,1.3415849903789905)
(563,1.3417546121991928)
(787,1.341906422060336)
(149,1.3420282547415416)
(119,1.342241035521577)
(341,1.3423047133922192)
(954,1.342416787725327)
(468,1.3430580544232267)
(511,1.3430955519232637)
(467,1.343136115127412)
(135,1.343617182488957)
(542,1.344626116089311)
(866,1.3446729377782616)
(944,1.3447562943584046)
(169,1.3448735629724735)
(403,1.3448823582242866)
(987,1.3449754986714135)
(573,1.345111008335067)
(629,1.3453700905565462)
(268,1.3456003007555386)
(984,1.345625489260091)
(267,1.345696187985922)
(846,1.3457198584246848)
(599,1.3463909440860482)
(65,1.3464592898417014)
(170,1.34675349723338)
(930,1.3470152178482506)
(950,1.3470177910858994)
(559,1.3470314197325535)
(863,1.3470555812373872)
(293,1.3470637101325615)
(258,1.3473098312456613)
(624,1.3473692489758717)
(864,1.3473949202954625)
(177,1.347567638234568)
(973,1.3477977593605113)
(706,1.3481157574814653)
(607,1.3481346912703904)
(405,1.3481608288265017)
(48,1.3482974429279635)
(34,1.3483284521194192)
(808,1.3485501899440673)
(37,1.34874473107639)
(226,1.3490821663585224)
(141,1.3493247612835548)
(735,1.3495612513432826)
(823,1.3497608842535884)
(603,1.349857409622892)
(440,1.3498825720118388)
(637,1.3499250238717517)
(374,1.3500980275412542)
(201,1.350530215631368)
(582,1.3505879218107857)
(791,1.3505983552545116)
(903,1.350633875911502)
(215,1.3508639676886334)
(450,1.3508642351622604)
(449,1.3509087304339469)
(650,1.351170692035579)
(219,1.3514814714174634)
(72,1.3515125247486253)
(95,1.3517498997550268)
(705,1.351902733671951)
(60,1.3519424405789282)
(179,1.3520446319958785)
(395,1.3524161367955352)
(757,1.3525739186474657)
(807,1.3528276616314499)
(762,1.3530109121092515)
(709,1.3530547248780826)
(262,1.3533003617979025)
(639,1.3535958235262542)
(541,1.3538499013376066)
(622,1.3543738720134377)
(953,1.354522131911381)
(228,1.3548618272575015)
(804,1.3548779016490216)
(600,1.3548953340256276)
(999,1.3549968404797472)
(425,1.3550068858401736)
(882,1.3550596355241913)
(476,1.355662759682292)
(704,1.356021007767803)
(797,1.3561057792853177)
(928,1.356279477124952)
(707,1.3565184120293743)
(58,1.3568216980307248)
(59,1.3568546234463474)
(455,1.3569412044935552)
(378,1.3572805787207556)
(935,1.3574405424428433)
(977,1.357471068173684)
(371,1.3575279930582378)
(994,1.3578755216838347)
(67,1.3578796741728196)
(40,1.3580049594684942)
(224,1.3581189694921605)
(327,1.3581688784015065)
(654,1.3581786106985583)
(545,1.3582998092745875)
(285,1.3583149318457612)
(343,1.3584686342830763)
(441,1.3586890264826983)
(829,1.3587628350376262)
(144,1.3591030724484376)
(173,1.3591325856585066)
(162,1.359251951613578)
(111,1.3594002695026168)
(737,1.3595478318157814)
(421,1.3598437985588903)
(761,1.3599959752823716)
(936,1.3604115174522238)
(850,1.3605072826784912)
(557,1.360602343796276)
(734,1.3609518688519229)
(437,1.3610298911060121)
(519,1.361058250602055)
(384,1.3611186241684008)
(847,1.361305526962598)
(532,1.361503118390931)
(885,1.3615886531423793)
(972,1.3618048521663952)
(919,1.3621661657274282)
(681,1.3625339330931523)
(702,1.3626382545479003)
(320,1.3634294560460265)
(998,1.363664016896972)
(420,1.3640698463047702)
(393,1.3642592447412036)
(325,1.3644441529118416)
(661,1.3647369289032045)
(914,1.3648183572498696)
(74,1.3649895567516952)
(521,1.3657895894004939)
(777,1.3660966724713162)
(290,1.3661397638006152)
(292,1.366318044005284)
(700,1.3663464824412075)
(632,1.3664607484679956)
(550,1.366499577322443)
(62,1.3671889365138048)
(546,1.367402131457444)
(904,1.3675657486548105)
(245,1.3677907889947416)
(743,1.3679290927059262)
(416,1.3679840436264745)
(433,1.36907219935488)
(844,1.3692261457128343)
(852,1.3694142133139942)
(324,1.3702626447824662)
(503,1.370411000405474)
(554,1.3709704953485233)
(723,1.3710869591037325)
(763,1.3712597571942213)
(88,1.3715507993385345)
(621,1.371907693304665)
(967,1.3721640440990164)
(549,1.3724486492714298)
(52,1.3729241673922568)
(186,1.373266378832042)
(115,1.3737286811194063)
(666,1.3738326749715284)
(117,1.3738838686890964)
(612,1.3740480265461317)
(11,1.3741730025342767)
(552,1.374283682289434)
(248,1.374482165313964)
(634,1.3745693291500212)
(647,1.3756611000511938)
(444,1.375794641658179)
(412,1.375972244023044)
(870,1.3766286210490994)
(508,1.3766806095382313)
(910,1.3767180615408572)
(783,1.377043960267583)
(996,1.3771239973973115)
(509,1.3774435295781944)
(218,1.3781616612893748)
(662,1.3782651931228973)
(835,1.37836172767185)
(453,1.3802018177944673)
(124,1.3804218236326884)
(506,1.3808491770377784)
(353,1.3809853665398895)
(746,1.3810526418449272)
(263,1.3811589281749141)
(971,1.38116651174441)
(656,1.3818173225633583)
(947,1.3823052228135493)
(328,1.3826737668344613)
(729,1.382771960264115)
(869,1.3828690726767159)
(365,1.3831024034670314)
(184,1.3839278748581811)
(147,1.384067100924232)
(899,1.3840972685769215)
(755,1.384806899421721)
(756,1.3852381453370441)
(207,1.385393885546129)
(8,1.3857087842103646)
(469,1.3865329300217561)
(406,1.3866649286187274)
(326,1.386976514104205)
(894,1.3872427306593462)
(482,1.3874811922853414)
(851,1.3878543814551085)
(531,1.3878729087575812)
(288,1.3880947775708128)
(10,1.3889344604147216)
(939,1.3895855724923871)
(39,1.389655566438026)
(880,1.3901636163648077)
(770,1.3907533449145781)
(454,1.3913293486136251)
(842,1.3915684724576385)
(533,1.3918423884479834)
(932,1.3920866578816045)
(196,1.3932580538008486)
(901,1.3954381702953849)
(160,1.3963113766765871)
(672,1.3971021851740906)
(952,1.397166269456964)
(673,1.397642800655529)
(986,1.3980982852318524)
(246,1.3984936380783402)
(84,1.3989589343891977)
(591,1.4011791521917911)
(402,1.401196500263638)
(487,1.4017483584831085)
(744,1.402279953859265)
(710,1.4026374175808198)
(140,1.403782978694625)
(235,1.4042174581460485)
(690,1.404598052812609)
(530,1.4055565358705229)
(626,1.4057282334179415)
(204,1.407874584770557)
(265,1.4080464168563642)
(137,1.4116388515993188)
(180,1.4121925960983666)
(114,1.4146780473327214)
(560,1.4149404687006255)
(260,1.415413674151756)
(718,1.4155564912392586)
(151,1.4161360212882848)
(367,1.4172974670473761)
(758,1.4182128655748547)
(372,1.420152846594313)
(202,1.4217291081067722)
(628,1.421999049366187)
(507,1.4252595369407333)
(754,1.4271963027003607)
(727,1.4276264359390893)
(456,1.4299111746294275)
(161,1.4302966842437457)
(47,1.430865183768102)
(583,1.43223603305796)
(789,1.4336042318193274)
(439,1.4359565708032351)
(314,1.4367450775188209)
(278,1.4371807539430597)
(978,1.4440755461753767)
(225,1.451039892279531)
(89,1.4601252105296245)
(886,1.4631917480869594)
(867,1.4636580375800583)
(570,1.4678277238396953)
(336,1.469563972132619)
(874,1.4720784707203949)
(736,1.4721084863774296)
(298,1.4787521644903086)
(819,1.4856706764674514)
(633,1.4870193547876978)
(14,1.4917551900839496)
(782,1.493533721490224)
(104,1.4977494321247882)
(551,1.500665028990081)
(451,1.501861575305702)
(964,1.5026377745339587)
(771,1.5157581106334619)
(123,1.5206700578746057)
(382,1.5412322587236125)
(849,1.6365267884121018)
(373,1.8506402406773206)
(714,1.8947077964868275)
