(158,0.9749162767003744)
(168,0.9807103371067554)
(302,0.9848192139540761)
(167,0.9852002199273406)
(717,0.9963355261444478)
(125,0.9974935575973011)
(19,1.0000199221740382)
(614,1.0004892212811798)
(898,1.006536503701151)
(916,1.008454682969102)
(270,1.0178292320565523)
(651,1.0659224103392333)
(71,1.0765794346338895)
(586,1.0805953006279212)
(253,1.0830315262363122)
(156,1.0880793386023977)
(526,1.0895247390529972)
(688,1.1012149057116776)
(942,1.101786420249887)
(443,1.1067056490565634)
(130,1.1069312709945873)
(465,1.1116109275665282)
(694,1.116217792439076)
(280,1.1188868697292684)
(793,1.118986256813635)
(157,1.1222335020197025)
(995,1.1274171468951628)
(128,1.135154915799938)
(616,1.1434154930700142)
(981,1.1477503281291794)
(592,1.154062180528416)
(677,1.1575956837664156)
(961,1.1679857197126446)
(31,1.168513973683052)
(856,1.1727309321411452)
(485,1.174969857060638)
(359,1.1757086763921072)
(150,1.1764404625970408)
(28,1.1769640179997245)
(175,1.1809631680149697)
(91,1.1845559444228164)
(404,1.193553364996751)
(478,1.1943211532784552)
(194,1.1973292635742432)
(615,1.1979041339804657)
(598,1.1980675359771957)
(832,1.1995427641009337)
(101,1.2002903126153714)
(948,1.2056983801050503)
(871,1.2073706407667986)
(241,1.2086847779807661)
(830,1.2089099401808636)
(779,1.2095084005685868)
(505,1.2096220568563179)
(593,1.2101282853581548)
(311,1.2105970093669187)
(711,1.210868477558439)
(30,1.211111918200233)
(741,1.2117783717176454)
(458,1.2124431031558192)
(32,1.2132205154677378)
(646,1.2135235317210458)
(504,1.2135286415643567)
(686,1.2139055769410854)
(514,1.2149525454879442)
(605,1.2150101616274536)
(386,1.215621187125875)
(716,1.2164499792469585)
(500,1.2165416906953486)
(685,1.2170419376576882)
(831,1.2172688217329226)
(197,1.2175981149224424)
(619,1.2209985587237864)
(410,1.2218657934365333)
(968,1.222234109259946)
(7,1.222671650288993)
(126,1.2234788923298319)
(340,1.2236474601861982)
(136,1.2271586416425961)
(680,1.2274650442064408)
(220,1.2276017700630617)
(205,1.2288002508082945)
(63,1.2295426898623782)
(513,1.2300334283933079)
(232,1.2301164258755592)
(266,1.2330248820840288)
(525,1.233204760787897)
(389,1.233741439467357)
(766,1.2346945980771777)
(644,1.235512168351895)
(865,1.235781356347964)
(767,1.2370968992111153)
(938,1.2373221769675087)
(699,1.2381195199638448)
(300,1.2385835568506625)
(113,1.2387466184632967)
(749,1.2389662225380773)
(178,1.2393934457942208)
(748,1.2394080468229154)
(937,1.2399809436431362)
(129,1.2400982411832435)
(370,1.2402108247473016)
(657,1.2404628347072686)
(100,1.2406283118306694)
(244,1.2415058831738714)
(82,1.24163768969176)
(446,1.242106085271624)
(98,1.2424193641204082)
(316,1.242603373098515)
(172,1.2428830374668987)
(42,1.2429785354522105)
(580,1.2446262229213683)
(589,1.2447297711084926)
(907,1.2449966707755649)
(491,1.2454868510970134)
(663,1.2472896706016778)
(879,1.2474774557370778)
(527,1.2476086206865955)
(753,1.2481465657160866)
(933,1.2481828506731458)
(966,1.2483900488425255)
(54,1.2484598355179999)
(486,1.2491295289723594)
(784,1.249627502120965)
(664,1.249762490748102)
(133,1.2500747350442554)
(906,1.2506868769918942)
(909,1.2510108780143705)
(989,1.2510210203787429)
(731,1.2510953671743315)
(584,1.2512981244546206)
(815,1.2515190597410268)
(310,1.2516331167511723)
(567,1.2520105632527168)
(980,1.2527682722066216)
(669,1.2533643396069247)
(64,1.2537802557918374)
(138,1.2540260065808715)
(658,1.2542860675438865)
(76,1.2545234924752202)
(745,1.2547356373101417)
(781,1.2549509410194173)
(134,1.255045148902234)
(155,1.2550856828299948)
(817,1.255170440714895)
(696,1.25540451072588)
(283,1.255468689909315)
(299,1.2558111765443816)
(3,1.255955359519005)
(926,1.2563657874744492)
(774,1.2571066697902789)
(859,1.2571568314374462)
(692,1.2578391326377119)
(602,1.2578561524622989)
(387,1.2583747450819773)
(187,1.2583787526274)
(355,1.2584043139381649)
(558,1.258682967722722)
(620,1.259358235575133)
(142,1.2596949636422445)
(361,1.2598519003910755)
(229,1.2601895935734033)
(109,1.2614325013113998)
(687,1.2615244389930582)
(818,1.2618630594662033)
(820,1.2625912684040204)
(497,1.2626130585530242)
(931,1.2633983631058725)
(166,1.263703930022397)
(845,1.2640700265695723)
(538,1.2642461532335527)
(159,1.2642847208870034)
(296,1.2643495702042304)
(529,1.2643742413312618)
(237,1.2645091459817446)
(22,1.2646454995684786)
(185,1.2657571683368785)
(652,1.2658047354245054)
(291,1.2659500301556912)
(209,1.2660628028267473)
(422,1.266331599083972)
(181,1.2666074446172833)
(383,1.2668584609467688)
(472,1.2670622005580918)
(20,1.267237434452655)
(872,1.2677429587967914)
(983,1.267749157399081)
(148,1.267754844939078)
(706,1.268059562984037)
(4,1.2682538061477215)
(715,1.2688573597784474)
(466,1.2688727292944757)
(923,1.2689148068984542)
(640,1.2689265919432124)
(438,1.2692708647920807)
(827,1.2695775571489016)
(342,1.269578601452058)
(182,1.2697193311347836)
(85,1.269768051626291)
(164,1.2697908666435385)
(2,1.2698597946578343)
(447,1.2702217157833735)
(522,1.2705222423006381)
(502,1.2707059846745024)
(780,1.2708040407636974)
(862,1.2711480785672877)
(834,1.2711887744923611)
(174,1.2715995623044956)
(496,1.272108939594848)
(319,1.2722404075702944)
(344,1.272341049538002)
(295,1.272426041740361)
(498,1.272703261725706)
(855,1.2733645096335549)
(308,1.2734470958466495)
(463,1.2734686881787272)
(812,1.2735962765281152)
(581,1.273978073972212)
(489,1.2746697514142324)
(985,1.2748488036157326)
(272,1.2755255439174376)
(606,1.2757284320122817)
(517,1.2758062629094507)
(816,1.2761015296597138)
(769,1.2763093637283909)
(366,1.2767298652242087)
(695,1.276867854989399)
(464,1.2769209176354972)
(217,1.2775786828209144)
(78,1.2777327027540126)
(38,1.2778466363214198)
(222,1.2780446729600297)
(475,1.2782367778641595)
(636,1.2788178481897956)
(703,1.279118958250625)
(902,1.2792260603503012)
(838,1.279239017479848)
(945,1.279333781597942)
(929,1.279611635154742)
(195,1.2796744076827358)
(958,1.2801736743327465)
(732,1.2806523714933404)
(643,1.281760484300705)
(188,1.2821730966870644)
(597,1.2821957719714991)
(251,1.282290153567907)
(321,1.282890309300355)
(351,1.282956341012305)
(70,1.283002909096888)
(9,1.283064225199999)
(520,1.2831052603146693)
(572,1.2831064945718849)
(457,1.2834156738487321)
(414,1.2834452877484392)
(131,1.2835013034094946)
(821,1.2835377249966933)
(301,1.283659552959462)
(670,1.2837581908777678)
(236,1.28389416469521)
(553,1.2839521704294024)
(275,1.2842884521678204)
(608,1.2843045076272344)
(796,1.2843348794587661)
(481,1.2843647921911776)
(697,1.2845773860337277)
(41,1.284871316889495)
(240,1.2849214872684638)
(57,1.2850484335962058)
(432,1.2852030457014751)
(442,1.2854070795929762)
(471,1.2854663285839032)
(665,1.2854872661978132)
(315,1.2855823083976832)
(585,1.2858170921098664)
(809,1.2858818767292945)
(334,1.2858969358178394)
(435,1.2859073653427346)
(388,1.285954349457784)
(357,1.2859565176520877)
(828,1.2860285511859382)
(43,1.2860662933723135)
(191,1.2861447382250597)
(991,1.2861922948981386)
(890,1.2865806965155844)
(90,1.2868901800749706)
(322,1.287214299924251)
(492,1.2872611348083645)
(881,1.2872802262074567)
(645,1.2875151807372691)
(329,1.2875571136502364)
(369,1.2877936093639066)
(534,1.2879901769477236)
(875,1.288216459481118)
(23,1.288300701798201)
(959,1.2883718675747329)
(575,1.2885305229848327)
(21,1.2886937980436857)
(642,1.2887313705794046)
(742,1.2888590733432896)
(752,1.2889135770096012)
(50,1.2890847138041337)
(75,1.2891017339562232)
(675,1.2892133352781565)
(547,1.2893099033731699)
(17,1.2894405426587325)
(105,1.2895687216976355)
(68,1.2895720429471935)
(376,1.2896911360361496)
(836,1.2898125271366294)
(333,1.2899505583529352)
(993,1.2899929077809962)
(51,1.290291870904913)
(785,1.29031878943788)
(154,1.2905403535884947)
(833,1.2906420682425077)
(313,1.2907122152972714)
(426,1.2907250335296885)
(430,1.290827236983487)
(810,1.2910528458243973)
(69,1.2911661732116413)
(461,1.291186618614073)
(610,1.291360819707737)
(738,1.2918333172405232)
(490,1.2919591668862984)
(338,1.2920582987924862)
(896,1.2921802884482405)
(888,1.2922906477966984)
(413,1.292337972606684)
(790,1.2925055983690423)
(183,1.2925652929248042)
(956,1.29268312573476)
(562,1.2927178033652598)
(345,1.2931102067229123)
(87,1.2931791734228482)
(305,1.2932946974423953)
(721,1.2934245943390006)
(722,1.2934481756883949)
(348,1.2938713692425479)
(274,1.293989589267755)
(795,1.2941754952800162)
(555,1.2941849654889503)
(362,1.2942060872596153)
(259,1.2944039899168969)
(364,1.294449839781426)
(992,1.2944648330467465)
(712,1.2944877936949724)
(380,1.2945954064054075)
(708,1.2946995287812209)
(61,1.2947352635433536)
(970,1.2949121968830457)
(306,1.295122817096666)
(26,1.2956477125227304)
(398,1.2957724322484718)
(428,1.2961148611564155)
(287,1.2961622145485476)
(613,1.296181046512273)
(982,1.2963000151648998)
(878,1.296682272491798)
(284,1.2968228825419532)
(459,1.2971805242214218)
(110,1.2979975813315308)
(571,1.2987576536130072)
(379,1.2987892639111214)
(776,1.2989793437833719)
(480,1.2989933129080362)
(576,1.2990690037795485)
(544,1.2991169033601677)
(332,1.299297399164717)
(139,1.299345385100548)
(920,1.2994576741765043)
(483,1.2997179501838227)
(913,1.3002885721988966)
(868,1.3004527964123274)
(46,1.300583370824844)
(578,1.3008535201721392)
(565,1.3011073718057002)
(356,1.3011158503201639)
(861,1.3011379446256324)
(163,1.3011636341086519)
(719,1.301347186308031)
(312,1.3013793073387276)
(153,1.3015018841994168)
(671,1.3017160670867922)
(800,1.301741889242454)
(536,1.3018000427107053)
(674,1.3018123590412911)
(445,1.3018972777405762)
(215,1.301938354418374)
(975,1.3019746931718612)
(630,1.3020027825165943)
(206,1.3020954595543193)
(211,1.3022403791732602)
(477,1.3022950968012053)
(434,1.3023845182539355)
(806,1.3025462426715733)
(813,1.3025676818728422)
(77,1.3027988359667566)
(997,1.3030921870887497)
(912,1.3031513010609141)
(73,1.3032947243001505)
(582,1.3034529097216576)
(261,1.3036373203816742)
(900,1.3037063999768261)
(826,1.3038433015216553)
(192,1.303855456671645)
(323,1.3038613142514341)
(655,1.3038831626648573)
(618,1.30392395362637)
(701,1.303962266955916)
(381,1.304317320363574)
(786,1.304430359766238)
(417,1.3045925046617903)
(107,1.3047014351759683)
(588,1.3049876770193614)
(772,1.3050592508353225)
(499,1.3050681654467555)
(282,1.305083462309943)
(925,1.3051203947850754)
(922,1.3051913754884374)
(877,1.305204828955929)
(539,1.3057732023525621)
(649,1.305832159504242)
(523,1.3058471770949198)
(44,1.3058863363852398)
(96,1.3061427200138926)
(955,1.3062957594127567)
(587,1.3066310476093563)
(617,1.306747461225064)
(943,1.3068586231415467)
(843,1.3069892493000885)
(488,1.3074042442830813)
(724,1.3077379083879894)
(537,1.307826647075814)
(897,1.3078941838561675)
(13,1.3081681983511735)
(873,1.3081924682291874)
(837,1.3082389796048173)
(5,1.3085074843507318)
(271,1.308798604298104)
(146,1.3091261755395491)
(1,1.309155147722224)
(569,1.3091927132956191)
(493,1.3092086076768408)
(304,1.3092252218098024)
(778,1.3093149464463996)
(331,1.3094388559697967)
(45,1.3095119125768713)
(979,1.309607673075267)
(841,1.3096330047969293)
(452,1.3097184883245798)
(568,1.3099263726177792)
(112,1.3099664587593844)
(739,1.3099715560333243)
(394,1.31021992427687)
(6,1.3102307382146847)
(40,1.3103451912163975)
(171,1.3103627907913291)
(418,1.3103646755684923)
(788,1.3107316308028496)
(286,1.3108558678393065)
(798,1.3109398414787785)
(293,1.3109694498534532)
(494,1.3110855957937544)
(400,1.311295641761791)
(473,1.3118034461209913)
(247,1.3122402689099009)
(25,1.3123221492631867)
(221,1.312506393744044)
(512,1.3126871338060135)
(811,1.3128093305148074)
(768,1.312835940580401)
(876,1.312945921596638)
(214,1.312948381494846)
(609,1.3130562290417724)
(102,1.3130961067452978)
(678,1.3132258461064696)
(56,1.31322742661615)
(839,1.3133134109122637)
(974,1.313372313747104)
(375,1.3137278008383388)
(408,1.3138483931636449)
(822,1.3141239481688156)
(307,1.3143259107851248)
(659,1.3145167953053265)
(596,1.3147035206699824)
(863,1.3147108934894896)
(479,1.3147511798901437)
(160,1.3147547476539723)
(65,1.314917463254322)
(18,1.3150340380825223)
(120,1.3151428908682317)
(34,1.3151584446029325)
(29,1.3154293435850202)
(354,1.3155351530748247)
(638,1.3155723279711369)
(86,1.315727050731204)
(122,1.3158054393517924)
(775,1.3171005802010727)
(803,1.317379528361129)
(189,1.3173855565940988)
(579,1.3175270893696218)
(799,1.3176654538678456)
(864,1.3177397009505571)
(448,1.3179730976532338)
(962,1.3180572827227788)
(24,1.3180898375464773)
(391,1.3182839898147236)
(80,1.318601365374307)
(200,1.3187383020800605)
(541,1.3190018579455307)
(339,1.3190121890519464)
(889,1.3190465748673657)
(145,1.3194913556661814)
(535,1.3196104690649755)
(455,1.3198298680622782)
(233,1.3199479544391666)
(213,1.319970579861385)
(55,1.3200797877595494)
(368,1.3202584427543056)
(349,1.3203248250989854)
(564,1.3206107161816156)
(118,1.3206330061474598)
(27,1.3207758084425767)
(691,1.3207766175085243)
(927,1.3208857789549944)
(740,1.3214350557144192)
(52,1.3214642230750628)
(227,1.3215114624184325)
(524,1.321631124766319)
(303,1.3218633748517028)
(773,1.3219640896358664)
(318,1.322017747350448)
(143,1.322024906311315)
(116,1.3220270897330582)
(654,1.3221757501598275)
(857,1.3226910900513462)
(93,1.3228924975633152)
(668,1.3230046271760973)
(814,1.3233328399682724)
(764,1.323389460110454)
(601,1.323420299798785)
(397,1.3234809168236876)
(309,1.3235309052351023)
(625,1.3237861450263562)
(940,1.3238483868964475)
(725,1.3239467502229068)
(915,1.3240090293700764)
(516,1.324124776436)
(967,1.3241409339477366)
(255,1.324390728789553)
(840,1.324400916196228)
(401,1.3248179124483892)
(883,1.3249206829962454)
(515,1.3249226779993057)
(750,1.325311827455967)
(946,1.3253863587289367)
(917,1.3255869426842861)
(242,1.3257137280555442)
(53,1.326232118984035)
(789,1.3262795236296208)
(566,1.3263157293532701)
(249,1.3264465302955666)
(797,1.326514233150966)
(802,1.3266142364356257)
(941,1.326661084756338)
(409,1.3271619438356863)
(892,1.3272789567494132)
(846,1.327281305218233)
(918,1.3273415746270294)
(243,1.327409234062265)
(853,1.3275571705445275)
(103,1.327599011332824)
(540,1.3277848852075067)
(887,1.3282054732110906)
(518,1.3282114575178274)
(124,1.3282325043062668)
(210,1.3283624454509513)
(212,1.3284104490061577)
(603,1.3284194475356255)
(791,1.3284412336583122)
(239,1.3284528008650236)
(884,1.328527205761888)
(969,1.328552226134723)
(944,1.3286870077436825)
(427,1.3289606150289681)
(700,1.3291228289834123)
(548,1.3292118498521484)
(74,1.3293403350767392)
(893,1.329424015474029)
(468,1.329472457112468)
(390,1.3295315514224078)
(804,1.329550409446513)
(963,1.329553113210626)
(511,1.3298322347453673)
(317,1.3299029446297668)
(805,1.3300620966540646)
(723,1.3303664793055143)
(176,1.3306828028409776)
(474,1.3308210722775315)
(193,1.3314079312950469)
(436,1.3315871105141588)
(556,1.3316489494851131)
(667,1.3319918122599594)
(203,1.3321170470006367)
(141,1.3323094311965555)
(441,1.3328114544247462)
(72,1.3328921908316644)
(162,1.3330941293976626)
(935,1.3331683482501862)
(152,1.3331731115835472)
(604,1.3332891616061768)
(666,1.3335740942495342)
(335,1.3336527766829147)
(635,1.3338869667720283)
(631,1.3338967224238014)
(294,1.3339100603562575)
(629,1.3345160728649488)
(360,1.334605949499195)
(238,1.3346874130415243)
(595,1.3347403000538476)
(950,1.3347570433147953)
(358,1.3348401902528275)
(147,1.335350847859521)
(254,1.3354281952990246)
(683,1.3354498757347342)
(83,1.3357226977754044)
(36,1.33576297170901)
(269,1.3357665757577755)
(911,1.335805486631387)
(787,1.3359519375707238)
(574,1.3359897117597954)
(48,1.336013830554685)
(385,1.3360219143611145)
(624,1.3361340035055997)
(600,1.3364270246459053)
(421,1.3364794843223544)
(747,1.3365473730744064)
(824,1.337029879050176)
(347,1.3370558837564508)
(15,1.3371382172604005)
(460,1.3371820638112932)
(424,1.3373096001090863)
(285,1.337413030752988)
(216,1.337608644416534)
(377,1.3376410917433101)
(905,1.3378621270442828)
(81,1.3381895217344766)
(622,1.338243238596968)
(928,1.3382513995923442)
(352,1.3385451639887036)
(656,1.3389655263073748)
(563,1.3390131275153498)
(501,1.3393487314558337)
(337,1.3394210499793333)
(949,1.3394347279306333)
(760,1.339509608972569)
(895,1.3395872102726776)
(450,1.3396313261204387)
(885,1.3397842967577067)
(854,1.3398318494659474)
(607,1.339836238317892)
(976,1.339986122215225)
(899,1.3401929304764761)
(108,1.3405848340483493)
(720,1.3407923339899)
(639,1.3408615325850088)
(119,1.341031405884507)
(79,1.3411217762256926)
(761,1.3412029571806987)
(623,1.3412113926780098)
(190,1.3413044950492345)
(16,1.3416390824597995)
(519,1.3417548583246632)
(510,1.3419865755311482)
(223,1.3420317812748266)
(106,1.3420756863733354)
(281,1.3425147251326124)
(757,1.342619932729085)
(870,1.3427038186426747)
(170,1.3427109227251617)
(951,1.3431733965486572)
(947,1.3432308718099542)
(641,1.34334577555535)
(908,1.3434038248035365)
(801,1.3435144590961217)
(234,1.3435875200099798)
(399,1.343772112047717)
(327,1.343991356805657)
(350,1.3440127123672834)
(934,1.3443931104448554)
(829,1.3444324042547202)
(127,1.3447182514319955)
(173,1.3447240726522252)
(12,1.3448459071487677)
(346,1.344972487906535)
(994,1.3450147689982268)
(794,1.345095953955722)
(914,1.3455524208821719)
(67,1.3457392449745178)
(850,1.3459372941713221)
(392,1.3461573259331765)
(135,1.346183669430169)
(250,1.3462710235550501)
(988,1.3462992381714578)
(35,1.3465174233730854)
(590,1.3466973827712674)
(542,1.3467942008399234)
(8,1.3468190222607812)
(848,1.3471467155797208)
(97,1.3471570025586983)
(965,1.347508400896864)
(277,1.3475568389772472)
(977,1.3476273486385693)
(851,1.347855537542924)
(49,1.3479125237776444)
(325,1.3482082749448894)
(320,1.348437892254568)
(763,1.3485505707608405)
(921,1.3486906729945234)
(998,1.3490056465826874)
(707,1.3490752900844718)
(698,1.3491060655711407)
(276,1.349510457542162)
(37,1.3499582020940506)
(289,1.3502274906398997)
(751,1.3502471574457124)
(415,1.35030511593986)
(440,1.3505606460174713)
(521,1.3506466388632539)
(730,1.3507212393226753)
(258,1.3507863576884906)
(407,1.3509870658739827)
(661,1.351039466691695)
(226,1.3515852975956961)
(290,1.35163253538893)
(273,1.3517187537715227)
(230,1.35176517591041)
(679,1.35177435529879)
(573,1.3520557283313535)
(374,1.3520568614117197)
(423,1.3521737047735398)
(425,1.3522769590758672)
(999,1.3522937021568486)
(257,1.3524424012740464)
(470,1.3524559447312012)
(653,1.3525502621904437)
(713,1.352649985100688)
(930,1.3527279835352206)
(403,1.352732692106292)
(844,1.353055326082474)
(431,1.353179395446472)
(111,1.3533752081008252)
(672,1.3537751749395228)
(960,1.3538190263474326)
(169,1.3540291974061083)
(256,1.3544561416082759)
(709,1.3546296887174243)
(684,1.3548015988050561)
(650,1.3553162231979552)
(199,1.355878322232022)
(326,1.355956542951748)
(395,1.3559929113544338)
(467,1.3561095342871559)
(252,1.3564553160119392)
(735,1.3565966659383963)
(557,1.3567152749198186)
(847,1.3568681637956805)
(762,1.3571140253449434)
(860,1.3572414749334614)
(777,1.3574022661000744)
(705,1.3574051105866154)
(268,1.3578432187986094)
(411,1.3578852928369325)
(549,1.358086975243867)
(449,1.3582423168815592)
(689,1.3583669542770913)
(996,1.3586084988214973)
(932,1.3588731850044364)
(682,1.3593744302242436)
(94,1.3604607544298086)
(371,1.3607656303052231)
(952,1.3608106741915773)
(419,1.3612199412487676)
(936,1.3612541595547836)
(866,1.362283005486927)
(728,1.3622965612433884)
(550,1.362440135732091)
(611,1.362508112300465)
(577,1.362530956492039)
(208,1.3630342556403148)
(973,1.363171410223356)
(733,1.3634168544882739)
(734,1.3635722069912077)
(808,1.3635848381191262)
(11,1.3639624670532857)
(121,1.36402223180844)
(262,1.3641699717989957)
(412,1.3644910134711923)
(201,1.3650115475697278)
(509,1.3650440791199892)
(648,1.3651012437038128)
(676,1.3652628924341685)
(149,1.3653992620801672)
(506,1.3656876604505337)
(353,1.3658469137724718)
(532,1.3658860142885478)
(186,1.3661150863720588)
(115,1.3661155257771243)
(599,1.3665132045880624)
(89,1.3667237614763499)
(144,1.36707607618425)
(984,1.367076302277586)
(88,1.3673029811870212)
(476,1.3675958161683361)
(292,1.367671224224467)
(910,1.3680795756071298)
(420,1.3682241788728957)
(60,1.3685867133469958)
(117,1.3693990801318812)
(756,1.3695682505798394)
(248,1.3699720579886001)
(647,1.3701681646347688)
(341,1.370445772779397)
(743,1.3706392775608784)
(59,1.3707782277904117)
(867,1.3708077562633025)
(807,1.3708705878528749)
(953,1.3712900505996173)
(552,1.3713103532522881)
(919,1.3715850201331041)
(570,1.3725957904576023)
(972,1.3726194332401747)
(737,1.3727429542809348)
(218,1.3728947658849087)
(207,1.373160567840248)
(384,1.3731629560007432)
(324,1.3734471513021727)
(681,1.374739069982393)
(621,1.3748786443900831)
(267,1.3752148737454861)
(406,1.3752249386327697)
(591,1.3756639057583646)
(328,1.3764694612363304)
(416,1.3765320854009397)
(987,1.3769048768015353)
(852,1.3773764336338141)
(137,1.377735703943869)
(901,1.3783722137396373)
(58,1.378437940964491)
(180,1.3787243483676386)
(637,1.3792107865052456)
(545,1.3794980123423852)
(634,1.3798328751023723)
(903,1.3799951910162493)
(904,1.3801045767030946)
(612,1.3801621064237888)
(765,1.380198588873351)
(343,1.380366842348547)
(835,1.3807081701754294)
(278,1.3814570063280174)
(246,1.3814965381686064)
(393,1.382112857646212)
(263,1.382140825329764)
(704,1.3821793791043386)
(755,1.382539433170261)
(533,1.3830299360355656)
(882,1.3832647625919483)
(402,1.3833681949332717)
(184,1.383509696127377)
(842,1.383711147852923)
(260,1.3840226348548406)
(754,1.3842440362331347)
(484,1.3845030543601387)
(92,1.3846553944917412)
(819,1.3847339080091734)
(702,1.3850009698041097)
(954,1.3858360435626293)
(439,1.3860903312466353)
(179,1.3874079822869545)
(405,1.3874491017723234)
(559,1.3874970586200102)
(531,1.388096866641521)
(62,1.3882485026822051)
(503,1.3884524870039239)
(823,1.3888259205929696)
(729,1.389234154006468)
(632,1.3898581878577774)
(508,1.389891410317458)
(690,1.3902885446577589)
(454,1.3903299576746215)
(177,1.3905437589699363)
(219,1.3913450196952695)
(978,1.3917335369405737)
(469,1.39186312841873)
(482,1.3934474805259092)
(746,1.3937050053133921)
(444,1.3937374846055874)
(546,1.3938242421751759)
(140,1.3948273078616802)
(554,1.3953856418091635)
(224,1.3957226308745545)
(378,1.3957673059083977)
(288,1.3960539083740442)
(718,1.3964825294734344)
(151,1.398142488649303)
(245,1.3985731489927906)
(783,1.3990734437609278)
(95,1.3995729265205716)
(453,1.4012936861039167)
(543,1.4014951885120475)
(114,1.4017390550227529)
(235,1.4018368536387906)
(869,1.4024839421632163)
(202,1.4025738600342184)
(365,1.4030214920981139)
(47,1.4034954287127954)
(433,1.4040464352581514)
(487,1.4044733818556798)
(880,1.4044998424014026)
(673,1.4046769078873536)
(770,1.404802300649025)
(986,1.4049449729122956)
(84,1.4049946730174914)
(196,1.4065481560612891)
(583,1.4070564110932378)
(628,1.4096458017238274)
(437,1.4096761510436844)
(971,1.4115144869423217)
(626,1.4122657837613604)
(104,1.4126721421762314)
(727,1.4127058364931426)
(39,1.413638261021191)
(560,1.4137477892400447)
(758,1.4146026078118255)
(204,1.4152657202453252)
(265,1.4162376769419314)
(710,1.416458308047536)
(228,1.4165483421336469)
(874,1.4175400928510529)
(894,1.418796824248894)
(10,1.4249454654128337)
(161,1.4254009558548522)
(367,1.4289401735879568)
(530,1.4313625225154438)
(456,1.4325036933054711)
(314,1.4377111399035885)
(507,1.438656786900534)
(551,1.4398179593378977)
(964,1.4416961006231004)
(939,1.442788419279012)
(662,1.443685410205833)
(225,1.4443876372693514)
(298,1.4459202063690577)
(633,1.447902613556389)
(744,1.4567704531249275)
(336,1.4638040869305686)
(886,1.4652357288260394)
(372,1.4732507092672351)
(782,1.4732586154410392)
(14,1.4820283399405223)
(736,1.4911728178439665)
(451,1.4914335170558743)
(771,1.5241350375245766)
(123,1.5256759688072556)
(382,1.5452444531238547)
(373,1.7292159214142542)
(849,1.75810190718171)
(714,1.8977900596721806)
