(716,0.9779301525628128)
(616,0.9826375629896423)
(586,0.9855541723105069)
(614,0.9917455263731679)
(898,0.9945454430019883)
(167,0.9955851428576449)
(241,1.0008546530777889)
(270,1.0008709277554082)
(125,1.0009510678009887)
(30,1.0020089330223707)
(19,1.00493420508952)
(158,1.0056322608229495)
(717,1.0061458813806876)
(916,1.0066985066090928)
(302,1.0084340102853153)
(168,1.0084843801458765)
(841,1.0274915459962752)
(71,1.0320340330452902)
(688,1.053017829417727)
(651,1.0604400562329432)
(253,1.0728771918405902)
(465,1.074462549917065)
(130,1.0774022339188567)
(942,1.0774663945871377)
(156,1.079470623397467)
(526,1.0854188652025498)
(793,1.0918653155402485)
(157,1.092028440871982)
(694,1.096824660446106)
(443,1.0999000780965762)
(280,1.107990798307269)
(31,1.119116868994044)
(359,1.124434944137663)
(128,1.1286345358957885)
(961,1.1292899155314229)
(175,1.1312787320178386)
(150,1.1321106714696945)
(615,1.1325877508227638)
(28,1.1409054777664625)
(677,1.1433228841481853)
(995,1.1443165315659596)
(478,1.1460678815463488)
(485,1.1503695078412366)
(101,1.15056374530339)
(505,1.150870634023588)
(500,1.1525186032318326)
(741,1.1527791832108016)
(830,1.1535585923341787)
(981,1.154009184606996)
(405,1.1557489633616511)
(458,1.1574892366193918)
(767,1.1598741619968094)
(32,1.165943602168346)
(856,1.167207260421003)
(136,1.1674812287335359)
(205,1.1711124834331599)
(42,1.171307537538897)
(871,1.1734067128755334)
(126,1.1762201550994185)
(514,1.1782957534188685)
(513,1.178467531698444)
(91,1.1821612340975822)
(980,1.183096844366199)
(194,1.1892669766990096)
(486,1.1910326207728301)
(831,1.1914800932636136)
(685,1.1921022577566447)
(779,1.1941819351244758)
(592,1.194489822807622)
(820,1.1960424076306666)
(282,1.1971994433814512)
(680,1.1977762422035998)
(879,1.1988963445705851)
(197,1.199228278712097)
(575,1.2004752914233927)
(711,1.2013348570772233)
(75,1.2015185257077188)
(389,1.201673062209899)
(968,1.204191198692252)
(464,1.2052520228752357)
(23,1.2067768279796105)
(504,1.2085268530052962)
(442,1.2121326187053865)
(580,1.2126088711372482)
(527,1.2135810720426485)
(784,1.2146973717648446)
(340,1.2148320923517884)
(410,1.2165345783308221)
(446,1.2192154714909889)
(832,1.2193696335072255)
(671,1.2197630741235095)
(220,1.220089721366804)
(686,1.220559079684881)
(82,1.2209301983309484)
(113,1.2209902138353068)
(593,1.2212704296862757)
(63,1.221425017469015)
(605,1.2228260560067734)
(288,1.223194625282176)
(311,1.2237172776806002)
(333,1.2250813074085014)
(766,1.2253792484362576)
(948,1.225441239039164)
(966,1.2260251909646698)
(817,1.2269630561546607)
(598,1.2277402668632205)
(307,1.2283972264434464)
(907,1.2286022520335744)
(658,1.2288600823034004)
(237,1.2301853253243955)
(749,1.230355655738902)
(536,1.2310643658508005)
(55,1.231586106530719)
(920,1.23217801177259)
(602,1.2343338297773419)
(232,1.2347251887110107)
(518,1.2361150203870408)
(300,1.2361671178276141)
(64,1.2364843255075004)
(857,1.2366328971200116)
(778,1.2366595566576901)
(105,1.236852975175452)
(191,1.2396407174807393)
(361,1.2399166872700507)
(316,1.2400018021483414)
(865,1.2403783445685281)
(344,1.2418847245341016)
(781,1.2445963302825735)
(21,1.2446963695954125)
(989,1.2447249220580088)
(558,1.2451065251652718)
(809,1.2457573815353524)
(244,1.2478588902639502)
(272,1.2482731214643379)
(731,1.2493668329126082)
(584,1.2496156825572657)
(404,1.2502524372390262)
(7,1.2507354188890945)
(589,1.2511109967656218)
(174,1.2522719035814802)
(764,1.2526612800406394)
(818,1.2529361592215729)
(222,1.2532624612369891)
(938,1.2533133992568306)
(816,1.253435011086759)
(217,1.2538435888772086)
(172,1.2544679144932858)
(581,1.2548006468687838)
(909,1.254887768601947)
(644,1.2552859323979386)
(567,1.2555621611760095)
(6,1.2563075897247955)
(261,1.2565943614902773)
(310,1.2575019053396683)
(553,1.2579658729461978)
(54,1.2583005820967608)
(274,1.2587007424357612)
(699,1.2589746718619637)
(991,1.2592471527947624)
(121,1.2592875361295275)
(183,1.259400792710837)
(753,1.2597189205616075)
(206,1.2600366492510529)
(646,1.2601448735063403)
(796,1.26119843352633)
(195,1.2612690930220463)
(674,1.261368641483608)
(466,1.2615255036257824)
(148,1.2621721163039805)
(299,1.2625975391644229)
(229,1.2629888410965313)
(185,1.2633333404896219)
(613,1.263372544997982)
(332,1.263677239946315)
(133,1.2637479433601428)
(695,1.263959322939883)
(426,1.2641857917910309)
(355,1.2645221977931362)
(752,1.2645457526682022)
(872,1.2648787824804395)
(22,1.2649570326073438)
(122,1.2650722686283886)
(748,1.2653272371779123)
(881,1.2654665419521631)
(937,1.2658247870419197)
(828,1.265875392000362)
(73,1.2658951024976923)
(510,1.266192518140193)
(306,1.2666570895134357)
(182,1.2673034113386297)
(687,1.2674794877288862)
(57,1.2679602234333178)
(529,1.2681705637700345)
(636,1.2681968357042162)
(386,1.2683056024349926)
(178,1.2683664582458838)
(20,1.268393975364815)
(484,1.2685273342824444)
(342,1.269101824194971)
(152,1.2691860118550558)
(945,1.2694319821788014)
(959,1.269964735664661)
(655,1.2701975694216792)
(116,1.2703234476227856)
(159,1.2706526600569252)
(129,1.2711259786769529)
(838,1.2714503544165883)
(366,1.2714839713342518)
(61,1.2717649704526564)
(608,1.2718444632574892)
(548,1.2718653305514676)
(812,1.2718949515140558)
(958,1.2720563624646783)
(983,1.2724054650626697)
(940,1.2725238454712766)
(295,1.2726508110099946)
(906,1.2727359236825766)
(833,1.273165114847259)
(103,1.274154533172313)
(578,1.2742654172501733)
(576,1.274811394912214)
(291,1.2749499549221426)
(357,1.274959669715243)
(266,1.2754219779245062)
(925,1.275561994076479)
(345,1.2760948811868802)
(933,1.2761640983799827)
(534,1.2762680354047278)
(364,1.2764005133786571)
(579,1.276634439284572)
(669,1.2770318496543813)
(774,1.2772491451471117)
(87,1.277291047937359)
(387,1.2779527266752153)
(46,1.2779810441561767)
(430,1.2779977834017673)
(323,1.278054536896331)
(822,1.2783362342765197)
(496,1.2789966059851012)
(142,1.2791917202289735)
(76,1.2793083950011328)
(4,1.2793150978227312)
(517,1.27942624588952)
(370,1.279647311988812)
(993,1.2801888596609972)
(988,1.2802291247705035)
(145,1.2803665849829675)
(252,1.2804308546037007)
(490,1.2805342909784623)
(845,1.2809318995673469)
(348,1.2813092587642287)
(422,1.281313737572853)
(134,1.2813447592696683)
(209,1.2815913413748223)
(164,1.2816752940938179)
(890,1.2818283900755991)
(630,1.281901518656543)
(356,1.2820442449874114)
(78,1.2821439323406707)
(543,1.282319486887451)
(821,1.2823916594414921)
(322,1.2825199528639815)
(98,1.2825888424254102)
(77,1.2826758737146746)
(338,1.283630676328094)
(284,1.2836359872573404)
(138,1.2838824962337967)
(85,1.283889507029676)
(305,1.284123207876869)
(2,1.2846973660246712)
(109,1.284891301057682)
(732,1.284914151821773)
(806,1.284956242674395)
(210,1.2850166433195962)
(657,1.285318006615448)
(25,1.2853594998894562)
(1,1.2854024825246815)
(859,1.2861060055017577)
(810,1.2864386813236748)
(640,1.2866152635755663)
(188,1.2866219494368902)
(715,1.2868427525138493)
(596,1.2871867285234122)
(877,1.2875262808048926)
(97,1.2878272013430312)
(16,1.28847860252973)
(912,1.2885290135997138)
(665,1.2887019649095266)
(888,1.2890712851285204)
(868,1.2891571792791023)
(181,1.2891953954928093)
(631,1.289384553288222)
(313,1.2894250511445242)
(745,1.2894979068353496)
(491,1.289501939234907)
(862,1.2895107410902642)
(848,1.289539790013819)
(394,1.2898736282463843)
(275,1.2899404066589926)
(120,1.29029555380992)
(571,1.2902956683030775)
(692,1.2903224560397502)
(855,1.290879614916529)
(432,1.2909233112601017)
(477,1.2910160522305223)
(642,1.2911729813734982)
(703,1.2913896267929525)
(471,1.2914855154208136)
(652,1.2915669867852928)
(383,1.2918750861541863)
(663,1.291889098377549)
(127,1.2920107469700781)
(106,1.2920214619125907)
(769,1.2921820184321897)
(896,1.2924374271561523)
(243,1.2925213104037123)
(776,1.2926908812027371)
(417,1.2929041900326923)
(438,1.2930266673836288)
(385,1.2932935965854142)
(538,1.2934451247591772)
(525,1.293472127875758)
(213,1.2935580548101095)
(287,1.2938894626745225)
(479,1.2938972721972999)
(982,1.2939350816349418)
(725,1.2939584875864059)
(814,1.293974429384542)
(102,1.2942342551838295)
(41,1.2942458711048748)
(708,1.294281625760043)
(351,1.2946952293864382)
(56,1.2948392516020983)
(827,1.2949132788215632)
(620,1.2949772538290818)
(595,1.2954153575095)
(979,1.2958672474554973)
(475,1.295894961669679)
(369,1.296041025792708)
(562,1.2960580667699768)
(315,1.2961261482829267)
(502,1.2961852352689556)
(303,1.29630213090811)
(376,1.2964301398852338)
(815,1.296514323716444)
(51,1.296705317103574)
(539,1.2970050478781687)
(844,1.2973930703024865)
(38,1.297550966783096)
(259,1.2975932087547495)
(740,1.2977306933294663)
(524,1.297739450107521)
(659,1.2977609191785469)
(118,1.297920997250031)
(497,1.2982383635999313)
(826,1.298286684758231)
(414,1.2983105243477915)
(362,1.2984712587222327)
(587,1.2985252766629398)
(926,1.2988067485930728)
(544,1.2992540289705645)
(975,1.2992774386296877)
(679,1.2993814338440828)
(922,1.2994371284792554)
(13,1.2995771631537358)
(572,1.2996969513521734)
(645,1.2999441192472854)
(408,1.3001080953757076)
(722,1.3001577791706822)
(610,1.3003705098664327)
(834,1.3007193553502745)
(381,1.3007241199609598)
(110,1.3008480892096412)
(719,1.3009601370087123)
(795,1.301209145235037)
(876,1.3012143007860446)
(154,1.3012674385184135)
(913,1.3015312638126646)
(301,1.3016300399075202)
(883,1.301640122452166)
(413,1.3019013294226005)
(334,1.3019299740291874)
(321,1.302408609707132)
(171,1.3025141446208282)
(256,1.3026082948291895)
(155,1.3028511173970017)
(251,1.302857231716322)
(929,1.3030194480784014)
(840,1.3033162681729837)
(447,1.303503699926628)
(452,1.3035275235728763)
(375,1.303740745399574)
(3,1.303757369163144)
(431,1.3040081248703157)
(173,1.3040413037610126)
(304,1.3043429374903088)
(35,1.3045864802388174)
(15,1.3045989347571079)
(908,1.3046019148062755)
(296,1.3046354707430556)
(839,1.3048091918818019)
(878,1.3048242410582194)
(481,1.3048746736409587)
(192,1.3050400450192403)
(240,1.305408319539757)
(785,1.3057010908325501)
(696,1.3058000634616558)
(401,1.305811971861582)
(662,1.3058369378718773)
(448,1.305949541557336)
(811,1.306039427904506)
(276,1.3061663373877626)
(780,1.306225891022623)
(712,1.306442407491635)
(153,1.3064566183140518)
(670,1.3064971426443965)
(724,1.3065583182051306)
(9,1.3065787523068442)
(691,1.306609352871313)
(742,1.306750035183425)
(238,1.3067766009135784)
(233,1.3070732389747521)
(472,1.3072805772106058)
(606,1.307288692092687)
(318,1.3073063741705149)
(428,1.307404409547306)
(900,1.307418515225762)
(317,1.3076211160538729)
(619,1.307849716134264)
(946,1.3080606829349135)
(555,1.3080674714423126)
(728,1.3080688547521129)
(445,1.3080732961158827)
(176,1.3081981463890624)
(36,1.3083313752200767)
(72,1.308442896254551)
(977,1.3089771207646395)
(236,1.3090291867742292)
(750,1.3093769074192882)
(139,1.3099020316512051)
(569,1.3099779204490807)
(597,1.3102590289434453)
(556,1.310272881062448)
(457,1.3105963998583001)
(515,1.3106337623892)
(960,1.3107039286299862)
(739,1.3108409975948305)
(249,1.3109295424657414)
(242,1.3109734944307405)
(522,1.3110208769737883)
(805,1.3110638363882352)
(388,1.3110687480673697)
(585,1.3112947357529567)
(684,1.311315852602925)
(668,1.3113797984359121)
(208,1.3117373734120477)
(788,1.3117875020372405)
(678,1.3119546785156153)
(312,1.3122063173735852)
(459,1.3124571083191143)
(892,1.3125268499460105)
(407,1.3125782458440105)
(483,1.3125853915788182)
(790,1.3125961809913458)
(27,1.3128838136918575)
(424,1.313018526213872)
(682,1.3132748521876088)
(730,1.3133617183036534)
(641,1.3134805032331953)
(956,1.3135355715929606)
(802,1.313634873967014)
(349,1.3139256662481658)
(212,1.3139730060905657)
(649,1.3140726636248259)
(146,1.31425361086645)
(399,1.31433525894887)
(70,1.314414264729745)
(738,1.314496474858137)
(283,1.3147700568746434)
(96,1.31483119919594)
(488,1.3148378841430226)
(664,1.3148638775047947)
(801,1.3148844985581758)
(227,1.314900835423827)
(309,1.3151291465104185)
(931,1.3151494533463186)
(884,1.3155745375486794)
(50,1.3156737556346454)
(934,1.3157887988166184)
(565,1.315816682617563)
(955,1.3159114742915439)
(337,1.316063212516124)
(588,1.316311258315311)
(720,1.3163177815300642)
(564,1.3165502047608864)
(352,1.3167508996265946)
(80,1.316756991979198)
(463,1.3167766297365036)
(250,1.3167913881847697)
(747,1.3170099885738114)
(537,1.317138878071408)
(499,1.3171916261606)
(897,1.3172208526794573)
(435,1.3174096631332344)
(701,1.3174113993065546)
(45,1.317419719178958)
(873,1.3175616921731201)
(92,1.318387690083306)
(239,1.3184480811274741)
(997,1.3187315798331505)
(994,1.3187855401266941)
(409,1.3189651769298807)
(81,1.318999461171168)
(436,1.3190218729961745)
(915,1.3190722059129212)
(286,1.3191420260215305)
(974,1.319560200437143)
(271,1.3198042102063645)
(895,1.3198456632729951)
(247,1.320076896729086)
(368,1.320212742620207)
(223,1.3202788810495796)
(512,1.3203352057011455)
(474,1.3204562454257744)
(320,1.3207248571977515)
(49,1.3207885864277693)
(943,1.3209598506018676)
(889,1.320968270752273)
(813,1.3209802895332372)
(965,1.3212660990540648)
(461,1.3213943351553346)
(93,1.321418603711691)
(354,1.3214722349468278)
(824,1.3216147558227338)
(798,1.3216609798521646)
(18,1.321811592410428)
(985,1.3218654044849465)
(341,1.322323674759404)
(568,1.3226160346325777)
(604,1.3227798793677816)
(100,1.3230380715532644)
(329,1.3235182998960602)
(473,1.3235214325550828)
(187,1.3235241912331919)
(83,1.3235554665454468)
(441,1.3237312976143687)
(800,1.3238803487950481)
(44,1.323890719586125)
(930,1.3241630533632474)
(493,1.3242932832161454)
(69,1.324332354833258)
(654,1.324440944338678)
(255,1.3245986404319225)
(95,1.3246180079658865)
(108,1.3246198236043973)
(331,1.3250739044725468)
(112,1.3252359297533698)
(962,1.325262752658839)
(43,1.3253642492287951)
(808,1.3255393650724294)
(5,1.3257436002728444)
(875,1.32608488306322)
(434,1.3261361411762025)
(498,1.3262741991854767)
(861,1.3264114696102207)
(698,1.326496674811524)
(65,1.3266148074766841)
(200,1.326645563263938)
(520,1.3269020809613379)
(278,1.3269338771737897)
(189,1.3271537429214246)
(853,1.3272864769104626)
(791,1.3275191977994112)
(601,1.32762690892446)
(17,1.3276618975098278)
(540,1.3278848807371306)
(135,1.328544101908536)
(214,1.3285708415511943)
(607,1.3285757590100036)
(68,1.3286625684016147)
(675,1.329180514358082)
(107,1.3292412235769)
(643,1.329257544846824)
(751,1.3292914803195242)
(574,1.32930154918469)
(418,1.3293741607896703)
(257,1.3294067099915154)
(836,1.329434201737485)
(843,1.329517787976648)
(577,1.329591076470836)
(797,1.3296040305744807)
(353,1.329870872107367)
(893,1.3299408821893697)
(772,1.329971556119903)
(492,1.3301516578367933)
(398,1.3302501597098302)
(864,1.3303852595739478)
(395,1.3307461602297386)
(254,1.3307902829883902)
(697,1.3309152002397622)
(590,1.3315759859848246)
(199,1.3317049202593745)
(143,1.3321307012349313)
(273,1.3321562719779199)
(773,1.332266566442012)
(932,1.3323382323795345)
(294,1.3323911768036905)
(450,1.3323925810742079)
(149,1.3323971470058336)
(94,1.3329656317947216)
(277,1.333028807001316)
(26,1.333065578442729)
(992,1.3332367081397638)
(480,1.3333360204110214)
(380,1.3334766038721606)
(166,1.3336801570770298)
(650,1.3337134201421796)
(160,1.3339936161690917)
(803,1.3340358342835188)
(34,1.334147662747527)
(713,1.3341945447129393)
(519,1.3343955344839011)
(489,1.3344512578540029)
(735,1.3345706635724623)
(216,1.3345780910248002)
(557,1.3346117163258917)
(941,1.3346301468345303)
(954,1.334653582411752)
(347,1.334668524465826)
(379,1.3346777755260248)
(79,1.3350983423235938)
(921,1.3352173744863818)
(365,1.335246975741129)
(705,1.3352523296572374)
(163,1.3353001413097751)
(765,1.3353230054247096)
(86,1.3353686892386694)
(131,1.3354342320201573)
(690,1.3354971120384975)
(625,1.3356276589740748)
(885,1.335758576728392)
(263,1.3360218235331227)
(397,1.336158471828776)
(546,1.3362081826195669)
(269,1.3364894282167203)
(887,1.3368017746753906)
(786,1.3369018190359863)
(969,1.3369228865111775)
(402,1.3369617176495823)
(972,1.3369687733327404)
(905,1.3373105630436448)
(611,1.3374103502481378)
(455,1.3378211968498779)
(420,1.3379967575664047)
(709,1.3380086898100534)
(346,1.3380363065337553)
(234,1.3380638514984997)
(391,1.3381342554475495)
(400,1.3381890412297823)
(951,1.3383053002883616)
(289,1.3383313669185666)
(468,1.3383425535302511)
(467,1.3384438661609117)
(324,1.338532736377914)
(419,1.3385515164393722)
(547,1.3386178911778628)
(963,1.3386520964392368)
(573,1.3386962864427094)
(180,1.338828235341538)
(829,1.3391165654597184)
(535,1.3391175894847365)
(970,1.3392454972297794)
(902,1.3396904465262611)
(53,1.3398470785806977)
(599,1.33990015466503)
(944,1.3399299040832986)
(721,1.3401947694648275)
(360,1.340481583492698)
(683,1.3407824667679633)
(545,1.3408726805608029)
(609,1.3408773820742594)
(866,1.341274003497597)
(846,1.3413898189502784)
(516,1.341591070749548)
(423,1.3417805774213316)
(211,1.3419536548776667)
(335,1.3419537881710124)
(899,1.342024217191985)
(90,1.3420304985960054)
(918,1.3422637461630642)
(976,1.342499755821621)
(760,1.3425995600532192)
(733,1.3426050972072883)
(403,1.3426871518752048)
(523,1.3427337352170519)
(221,1.3428641114225888)
(755,1.3430620797846708)
(618,1.343375638465126)
(201,1.3434007068158529)
(706,1.3434132673752248)
(928,1.34355725790398)
(638,1.343589213223819)
(757,1.3438482514308998)
(623,1.3443416257726615)
(799,1.3446955023195792)
(617,1.3452563243053937)
(170,1.345363487155002)
(554,1.3458167369723546)
(425,1.3459549232771246)
(744,1.3460541352226738)
(74,1.3460655066289573)
(281,1.3462717533399053)
(374,1.3463196151466572)
(635,1.346358954880523)
(676,1.3465906692620144)
(358,1.3469869485634758)
(910,1.347067771206968)
(746,1.3472644262002438)
(392,1.3475670353248215)
(411,1.3476093755373613)
(228,1.3477689932214016)
(470,1.347853277215553)
(549,1.3478674931909307)
(179,1.3479146852843809)
(371,1.3480478148656847)
(984,1.3481139001783853)
(37,1.3482990578681464)
(707,1.3484316709572681)
(647,1.3487809565355149)
(119,1.3488656068962932)
(494,1.3493585129863368)
(837,1.3494056550168074)
(384,1.3494966581945391)
(761,1.3495123419805186)
(503,1.3495968364371185)
(460,1.3497402744827547)
(224,1.3498136715645899)
(421,1.3499056671339422)
(427,1.3500209160675536)
(454,1.3500292740362028)
(40,1.3505408578308054)
(230,1.350647600320196)
(377,1.3507972966711033)
(290,1.3507977423111819)
(177,1.3509297073795241)
(949,1.3512666320091427)
(917,1.351458490188828)
(783,1.351546739098001)
(169,1.3519114114228157)
(911,1.3519885603818655)
(653,1.3520812792826185)
(854,1.3522432445485149)
(541,1.3526129934927231)
(639,1.3530416973628465)
(506,1.3535280136615633)
(268,1.353916275441949)
(777,1.3541196251927319)
(987,1.3543233851645373)
(124,1.354406348363815)
(378,1.3544486607846211)
(914,1.3546630964194646)
(689,1.3550052215982642)
(350,1.3551039372936253)
(115,1.3553824081935677)
(24,1.3563020745497578)
(927,1.3564210351368586)
(823,1.3565326960583342)
(702,1.3567114238963593)
(29,1.3567881982376038)
(737,1.3568138599486008)
(998,1.3571180255866173)
(563,1.357366657509512)
(325,1.357488729408151)
(637,1.3575898674250004)
(207,1.3576034022582848)
(10,1.3577010720480054)
(603,1.357702908673717)
(215,1.357721192485425)
(621,1.357787317138881)
(850,1.3578088587455086)
(863,1.3580482573871429)
(935,1.3581821789527466)
(882,1.358282215580033)
(667,1.358507638442106)
(265,1.358516780923724)
(406,1.35862276294969)
(258,1.3589890570234846)
(852,1.359122505929248)
(923,1.3594523196633468)
(390,1.3594805175843523)
(267,1.3595072820296459)
(59,1.360005550813933)
(339,1.3601053432776242)
(449,1.3601152326077128)
(262,1.3601922447298083)
(996,1.360199599785513)
(521,1.360221640941432)
(111,1.3603444891713827)
(67,1.3604928860472316)
(552,1.360498909951815)
(787,1.3610079789097596)
(203,1.3613599317872576)
(218,1.3616476276624998)
(327,1.3620403806233006)
(624,1.362112238392798)
(144,1.36222103320264)
(511,1.3623868369179546)
(743,1.3624313728149582)
(248,1.362616705434393)
(509,1.3627838558184213)
(860,1.3628710335965388)
(770,1.3638689933293642)
(794,1.3640559754155432)
(285,1.3641230216247036)
(476,1.3644310431037532)
(190,1.3646350889940015)
(950,1.364698143603942)
(600,1.364979291425008)
(542,1.365095166205643)
(196,1.3653315451181933)
(533,1.365433798369862)
(319,1.3659424801266589)
(550,1.36622586091286)
(874,1.366444434125255)
(622,1.366572159130943)
(292,1.3668229485431607)
(293,1.367058730889627)
(372,1.3673622353873873)
(612,1.3673960871265014)
(919,1.3676966312137906)
(140,1.3678347233186414)
(193,1.368049865480207)
(632,1.3681857138698932)
(566,1.3682122249362139)
(582,1.3682379583604267)
(245,1.3688767439791831)
(308,1.369009414228376)
(52,1.3692626038258608)
(62,1.3693995820611264)
(141,1.369442518058277)
(326,1.3694978874374641)
(162,1.369912397540468)
(559,1.3699456509790797)
(904,1.3702767869615708)
(531,1.3703236896368378)
(999,1.370864079295039)
(147,1.3709355306603626)
(343,1.3716197683194904)
(439,1.3717919538119852)
(235,1.3719098707576252)
(804,1.3719813248206911)
(501,1.3720156215406234)
(952,1.37226770458974)
(117,1.3723056187229805)
(444,1.3725597643477332)
(847,1.3728206698550218)
(58,1.3729776910744274)
(469,1.3736823562893161)
(648,1.374120848471533)
(219,1.374124651490695)
(756,1.3741967209053196)
(39,1.3742615963806306)
(973,1.3745351887269242)
(762,1.3746559646836392)
(437,1.3747918794072882)
(60,1.3749827911624877)
(869,1.3750242299661373)
(661,1.3764535738543284)
(768,1.3765967199315017)
(433,1.3766276018086945)
(11,1.3773496674101242)
(656,1.3775192485341223)
(415,1.3778914769093462)
(508,1.3782999658272412)
(729,1.3794446202025394)
(393,1.3798223516076449)
(953,1.3802216456949707)
(967,1.3802637032384286)
(666,1.3805768759970314)
(681,1.3807706728872462)
(184,1.380834082811388)
(507,1.3812148472598207)
(8,1.3813345153308665)
(412,1.3817680999497084)
(482,1.3818893657656053)
(835,1.3822413132483486)
(880,1.3826601263386284)
(763,1.3827653239519202)
(903,1.383010994743891)
(532,1.3832829766876495)
(700,1.3834649941828325)
(440,1.3834769928654054)
(775,1.3835972406650505)
(894,1.3845814227316755)
(88,1.3858051939708738)
(186,1.3868886449370916)
(298,1.3872316502579325)
(226,1.3872851061686169)
(842,1.3883642920636952)
(453,1.389940121585301)
(734,1.391045010467156)
(936,1.3917962079865747)
(673,1.3922657837256676)
(551,1.3930389176417535)
(246,1.3934278404884382)
(947,1.3950774237641326)
(754,1.3959467440615378)
(583,1.3974769398390425)
(48,1.399564073553364)
(416,1.399903909134704)
(628,1.4027380481287437)
(971,1.4041676363413178)
(530,1.4054997474560653)
(634,1.406979944349787)
(114,1.4080829733901115)
(807,1.4092211624071251)
(723,1.4096841683621408)
(328,1.4097602500369617)
(870,1.4097681024962792)
(901,1.40986482124654)
(736,1.4102161918384777)
(137,1.4116491928972212)
(704,1.4125492441889398)
(84,1.4127468062978268)
(204,1.413278025631113)
(710,1.4140469031777354)
(104,1.4145074314735733)
(851,1.4162541641087791)
(629,1.4197160779161717)
(367,1.4241002864180838)
(12,1.4241136847496194)
(456,1.4255883504870037)
(202,1.42618287375741)
(314,1.4271170444838532)
(151,1.4271574061688124)
(978,1.4290087405461918)
(336,1.4291185298075741)
(260,1.431071802067888)
(986,1.4313274963696816)
(672,1.4327911094804406)
(591,1.4350857432445154)
(487,1.4379553842844532)
(161,1.4411026683141368)
(758,1.4416791903602137)
(560,1.442598232777822)
(718,1.4463842858974678)
(89,1.446436686277716)
(939,1.4465600137752272)
(867,1.4483720987954365)
(886,1.4510463947337262)
(14,1.4523045256134262)
(727,1.455171307411923)
(819,1.4625730260356151)
(570,1.4640144071775187)
(964,1.4910018940701149)
(626,1.491453593243343)
(225,1.5001337885112258)
(782,1.502817518001447)
(633,1.5064511042018025)
(451,1.5094930653388356)
(771,1.5109468131747912)
(123,1.514749610136719)
(47,1.5233177941467915)
(382,1.538523877994256)
(789,1.5586952829637446)
(849,1.6860992652824482)
(714,1.8906448025867508)
(373,2.024668460464951)
