(302,0.981435970002758)
(168,0.9831540557382279)
(717,0.985683297242923)
(19,0.9878664656081404)
(158,0.9983598920340455)
(125,1.0004607486617376)
(898,1.0061124310740222)
(167,1.0075125674201808)
(916,1.0076203190868847)
(270,1.0155102741851456)
(614,1.0238979199556497)
(651,1.0672169681746988)
(71,1.068231088315962)
(253,1.0840382395577894)
(156,1.0898814350884094)
(526,1.090316039671821)
(443,1.1082591619763815)
(942,1.1112397907694238)
(688,1.1138523682768806)
(465,1.1174188220259598)
(130,1.1186522189806078)
(586,1.1187506533053821)
(694,1.1206205677444512)
(157,1.1227724429978825)
(793,1.123728817755921)
(280,1.130986733846138)
(128,1.1366254369222633)
(995,1.1374118741911987)
(505,1.153818522527602)
(981,1.1558194014056942)
(592,1.1610335747163145)
(42,1.172938975942033)
(485,1.1739382212663652)
(677,1.1743089962781732)
(342,1.1745947674915656)
(28,1.17721313497496)
(150,1.1776047108522807)
(514,1.1803011415647435)
(31,1.181031995321821)
(961,1.1834899082565682)
(359,1.1904345705730097)
(32,1.1924192588431586)
(91,1.1926276203547301)
(968,1.1954172553896392)
(856,1.195642945727573)
(605,1.1971713717245955)
(699,1.1981626607566596)
(101,1.1984853299324398)
(175,1.1986268612290731)
(404,1.2009928503052163)
(832,1.2040329029643362)
(458,1.205340269260718)
(616,1.2075093999123374)
(598,1.2118985351491207)
(478,1.212236533192216)
(194,1.21279387783818)
(7,1.212862537117471)
(948,1.213766196187982)
(615,1.2145428790347017)
(830,1.214720761088397)
(686,1.2158688691374429)
(685,1.2163982886485227)
(593,1.2183395380103692)
(197,1.2201746504866113)
(504,1.2216149093660755)
(584,1.2217087862071594)
(295,1.2236854562547879)
(266,1.2238667780855272)
(779,1.224039663082805)
(619,1.224927774075728)
(646,1.2249645764137382)
(340,1.2252119352617457)
(706,1.2262112282948023)
(871,1.226344994393552)
(711,1.2271537532093841)
(178,1.2290457759121471)
(220,1.2293027386550008)
(497,1.2293529230747087)
(680,1.229787688950237)
(741,1.2305171191304136)
(82,1.2306336611843323)
(669,1.2311866269311322)
(831,1.231423370944666)
(389,1.2315080423759799)
(126,1.2317013356244946)
(311,1.231809243350526)
(300,1.2326350930377512)
(748,1.2328697666907118)
(63,1.2333656426884807)
(386,1.2335952298223531)
(138,1.2354412650489137)
(663,1.2356108216994115)
(938,1.2361526171545605)
(985,1.236505940361253)
(620,1.2365438462888587)
(98,1.2368311694522607)
(525,1.2374676119752928)
(51,1.2374893711482342)
(209,1.238122789863545)
(766,1.2388113294532193)
(909,1.2391527666049609)
(907,1.2398891439016575)
(522,1.2398899161886479)
(500,1.2399830253721138)
(644,1.2411871466707527)
(370,1.242495122797616)
(589,1.242563931135491)
(136,1.2426079847908749)
(232,1.242816741346113)
(749,1.243263624706658)
(316,1.2433463064649475)
(937,1.244270464345727)
(989,1.2457873821148016)
(64,1.246180401387925)
(410,1.2461940446354802)
(784,1.247440097537035)
(205,1.2474736391587053)
(283,1.247483806909857)
(282,1.2475327131587588)
(553,1.2476073385173656)
(134,1.247903330664636)
(933,1.2480098479110364)
(513,1.2482667567948351)
(865,1.2486020339023196)
(54,1.2487783993429036)
(155,1.2491881183144011)
(983,1.2501757326776657)
(181,1.2503146606173754)
(767,1.250405732747462)
(657,1.2507906809656335)
(133,1.2510649545711723)
(174,1.251166825434942)
(664,1.251499097178504)
(3,1.251895311995595)
(76,1.2524227887031767)
(529,1.2525700389364218)
(906,1.2527093137177243)
(113,1.253259877110944)
(164,1.2535386817515748)
(446,1.2537541205753566)
(244,1.2546226311334232)
(299,1.2547812722342773)
(527,1.2552803362438507)
(344,1.2556592698758196)
(716,1.2563568257307858)
(879,1.2564557166271417)
(129,1.256722616559619)
(172,1.2572278612949412)
(658,1.2579699273872433)
(355,1.2581117285947583)
(291,1.2582852940543776)
(845,1.258319642523754)
(422,1.258407195145351)
(18,1.2586469883588647)
(472,1.2592642274233827)
(538,1.2593692941882768)
(958,1.2596278251385185)
(753,1.2596435170919504)
(606,1.260078250631929)
(100,1.2603225716305355)
(692,1.2610136964058731)
(731,1.2613161064957088)
(578,1.2621542812793716)
(602,1.2623819957255284)
(348,1.2630288351619692)
(38,1.263174521950254)
(310,1.2635189225776888)
(558,1.2636885596655882)
(820,1.2638951729395498)
(2,1.2639800602753906)
(567,1.2640704560486278)
(491,1.2649410711608597)
(237,1.2649822328432496)
(195,1.26501776172579)
(781,1.265170355001026)
(652,1.26544692718158)
(859,1.26546704113315)
(110,1.2659893367422268)
(229,1.2661562648909768)
(696,1.2665903310587296)
(534,1.2667250319189947)
(580,1.2669595615766711)
(217,1.267096963745617)
(721,1.2676990367590855)
(715,1.2679926848054262)
(745,1.2683835648444513)
(812,1.268394143985745)
(345,1.268545620330619)
(817,1.2686170844788318)
(387,1.2688255826229424)
(992,1.2695071304746315)
(636,1.2698844509495322)
(862,1.2699914975550526)
(69,1.2700472940579273)
(769,1.2706622183745928)
(687,1.2707968910054377)
(888,1.270854058374987)
(966,1.2708774311348423)
(4,1.2711453757072213)
(185,1.2711491907889367)
(818,1.2713559967379116)
(810,1.2714485131918754)
(815,1.271875586846006)
(241,1.2721121666835433)
(959,1.2721552033935106)
(312,1.2724075124353114)
(166,1.2725584517434845)
(837,1.2729640415486236)
(17,1.2730705848448491)
(287,1.2733986772639734)
(708,1.2737599557917814)
(931,1.2738089050846133)
(827,1.2738133798545097)
(109,1.2738805351397184)
(800,1.2739940478203353)
(544,1.2740802049287798)
(296,1.2744080105092943)
(30,1.2747537030126272)
(789,1.2749611379245098)
(496,1.2752441000134547)
(435,1.2752907399847184)
(915,1.2754787691217284)
(974,1.2756820179263304)
(774,1.2756900491069834)
(383,1.2760165541223367)
(379,1.2762797176540879)
(447,1.2764345915059234)
(881,1.2770351420297452)
(41,1.2771196569044698)
(222,1.2772497323218543)
(923,1.2773924252118372)
(925,1.2774944592486284)
(187,1.277500940151151)
(926,1.2777404070145209)
(430,1.2779436755181663)
(240,1.2779791808724095)
(498,1.2781621384006754)
(22,1.2785139389085363)
(490,1.2785490035885652)
(148,1.2787119526151096)
(236,1.2793821786013764)
(778,1.2796723098386407)
(980,1.2799118901644544)
(982,1.27997955478439)
(142,1.280422715412543)
(861,1.28051024170583)
(188,1.2806728946307049)
(562,1.2813514270878843)
(945,1.2815101774915965)
(872,1.2820346265053117)
(70,1.2824562764340055)
(993,1.2830117599641164)
(537,1.283155351353805)
(471,1.283304836103763)
(159,1.283519493304623)
(56,1.2836319176154678)
(481,1.2837989104663556)
(20,1.28382827600199)
(414,1.2838866080774571)
(613,1.2839608593232066)
(703,1.2842790037463785)
(773,1.2845403975299017)
(732,1.2845452279584357)
(362,1.2848392728019693)
(361,1.2850525253961138)
(154,1.2851225221359788)
(517,1.2851694237758617)
(900,1.2853446209376078)
(85,1.2855175866290267)
(43,1.2856126680960298)
(438,1.2860487437664037)
(670,1.2861344596550588)
(902,1.2866736348906052)
(21,1.2867295078933754)
(329,1.2868008989340223)
(539,1.2869016587156652)
(466,1.2869945675583916)
(520,1.2870581951860902)
(610,1.2871218282185375)
(275,1.2872381885204704)
(182,1.2872677473973049)
(640,1.2873453519729732)
(321,1.2874620694999825)
(912,1.2874734010015754)
(489,1.2875003213562146)
(742,1.2876577401392935)
(388,1.28809376541692)
(426,1.2882784595498196)
(875,1.2886654801979693)
(780,1.2889028699359117)
(463,1.2890043071118347)
(555,1.2895185204116641)
(922,1.289610523318615)
(855,1.2897123811135054)
(364,1.289950399356853)
(313,1.2899898639431704)
(319,1.2902530392382643)
(572,1.2903268490685558)
(493,1.2904505320767758)
(61,1.2904753159688134)
(171,1.2906157976282917)
(642,1.2906800593668633)
(338,1.2907041925681821)
(608,1.2909935116670832)
(68,1.2910652888645457)
(78,1.29119699295981)
(486,1.2913263632862784)
(502,1.2913948916799671)
(457,1.2914233517368885)
(654,1.2914294078314046)
(712,1.2916904503260134)
(790,1.2917006904376958)
(665,1.2917399636805873)
(697,1.2917948172019822)
(752,1.2920009857827228)
(274,1.2923492936860095)
(112,1.292375492808242)
(722,1.2925500237006908)
(571,1.292933296171023)
(997,1.2929359727455414)
(603,1.2930348171248753)
(597,1.2932474231565627)
(284,1.2935519830419708)
(351,1.2936055164496976)
(445,1.293696371555229)
(821,1.2937305029592308)
(795,1.293847599890824)
(452,1.2938561056979432)
(838,1.29388790848295)
(50,1.2939209532342182)
(738,1.2939713976805167)
(786,1.2941222880463916)
(581,1.2941846988070895)
(301,1.2943345165159759)
(322,1.2944827074756056)
(96,1.2944852915835714)
(889,1.2945999241432742)
(57,1.2946667037761106)
(523,1.2947276683250528)
(492,1.295440258819189)
(843,1.2955361137919579)
(272,1.2958461160950951)
(464,1.2959335984210045)
(432,1.2960393127808083)
(785,1.2961770105545043)
(655,1.2962401181130638)
(87,1.2962753308051367)
(587,1.2963007829296593)
(475,1.2963133932261424)
(191,1.2963630650209854)
(896,1.2965683964792043)
(473,1.296598645890716)
(776,1.2968212831413555)
(675,1.2969719208657793)
(695,1.2969796806820486)
(468,1.297009593910197)
(366,1.2973788930784522)
(585,1.2975245110122886)
(674,1.2977683053458073)
(991,1.2978216948231167)
(630,1.297886886673723)
(643,1.2980598639177066)
(251,1.2981951009131092)
(720,1.2982007708519898)
(23,1.298388949421123)
(917,1.2985284980005543)
(448,1.2987154583593155)
(12,1.298721209487437)
(40,1.2988938365650777)
(816,1.2990526335535384)
(797,1.2991314073532392)
(131,1.299231008989155)
(357,1.2993093549386465)
(569,1.299454051391339)
(809,1.2995281572044957)
(649,1.2996189048881426)
(618,1.2996618337536279)
(139,1.2997133099445137)
(9,1.2997404759645328)
(308,1.299787382269652)
(868,1.3001312402606455)
(381,1.3003788549980206)
(107,1.3004380874501635)
(6,1.3004848187017422)
(90,1.3005275817355366)
(970,1.3007658804288071)
(834,1.3007801283009919)
(397,1.3009742307002379)
(369,1.3011840702338018)
(768,1.3012558952858937)
(442,1.301450392000438)
(565,1.301558741011493)
(535,1.3015589716874754)
(306,1.301638042853347)
(890,1.3017787435898103)
(791,1.301840596246013)
(44,1.3018558211684526)
(638,1.3022648276533002)
(929,1.3022965280736845)
(334,1.3026950665225607)
(13,1.3029708755550446)
(480,1.3029885538947643)
(739,1.3030814441004943)
(206,1.303102618856871)
(913,1.3031597916728714)
(122,1.3038643506187324)
(25,1.3040084176794218)
(641,1.304403864095729)
(833,1.3044325667771175)
(588,1.3049766921010324)
(183,1.3050337826999512)
(26,1.3050568170658536)
(836,1.3057371023661428)
(477,1.3057568317144703)
(956,1.3058751189499662)
(53,1.3059562083520257)
(946,1.3062006650058846)
(77,1.306249138280445)
(304,1.306368936358052)
(645,1.3066199999207748)
(575,1.3066202444064714)
(576,1.306632562128945)
(376,1.306987039353049)
(147,1.3070482221908786)
(428,1.3070522978606176)
(269,1.307140665332285)
(118,1.307161921027146)
(563,1.30716448644645)
(701,1.3071853545203718)
(143,1.3072919044618112)
(105,1.307553956137304)
(413,1.307647020459625)
(501,1.3077122208581309)
(494,1.3078053917835493)
(877,1.3079521393847222)
(305,1.3079868809322923)
(215,1.3081137020543843)
(380,1.308183449647582)
(979,1.308189984083785)
(286,1.3084834414171995)
(1,1.3086897330688456)
(536,1.3087370233893925)
(798,1.3088109342541598)
(271,1.3091464494662288)
(189,1.3091641499518396)
(120,1.309253197992979)
(409,1.3092553414814905)
(828,1.3093536430339106)
(582,1.3094273014108546)
(811,1.309483993897719)
(955,1.3096377126630583)
(595,1.309760787175)
(75,1.3098088769495937)
(214,1.3102179691674887)
(385,1.3104041492779681)
(772,1.31060432055604)
(988,1.31064975891713)
(80,1.3106838638448686)
(564,1.3107688218336209)
(434,1.310792419446139)
(802,1.3110064175809777)
(943,1.3110634641864862)
(556,1.3115155389338657)
(799,1.3115809005956192)
(579,1.3118388479905954)
(488,1.3118935381563062)
(806,1.3119482214761269)
(332,1.312085498472385)
(479,1.312136197689679)
(511,1.3122910878438987)
(659,1.3123793204606367)
(318,1.3124689814832045)
(541,1.3131621121735662)
(724,1.3132364554458427)
(141,1.313384024731399)
(400,1.3134193553248346)
(124,1.313558434203745)
(878,1.313684093266172)
(547,1.3145011569946345)
(604,1.3145122644010268)
(146,1.3145810905071649)
(335,1.3145847548911926)
(5,1.3146898954444044)
(333,1.3150511270628793)
(678,1.315111214349633)
(629,1.3151165163413039)
(455,1.3157458895624492)
(212,1.3158372468147526)
(483,1.3159400438531226)
(459,1.3160360543508436)
(788,1.3160631270035108)
(691,1.3161412494114408)
(259,1.3161998044220187)
(29,1.316452075711617)
(230,1.3167765565355312)
(315,1.316872152415642)
(975,1.3168916069105445)
(65,1.3170680321252333)
(86,1.3172309788348133)
(211,1.3172522534764401)
(223,1.3173280739963307)
(864,1.317394675417161)
(103,1.3174010081882273)
(418,1.3174918471586294)
(650,1.3174975364894521)
(356,1.3175423766178198)
(813,1.3175710046461373)
(192,1.3176475029588763)
(796,1.3178746039058824)
(839,1.3183491817332553)
(24,1.318430018335356)
(622,1.3184996355616978)
(252,1.318602804562115)
(950,1.3186822869094872)
(375,1.3187325928123865)
(516,1.3187645395730125)
(826,1.3188020876314512)
(461,1.3189282035356333)
(52,1.3189513380531572)
(700,1.3189926953982345)
(568,1.3191626977516842)
(227,1.319280181670367)
(323,1.3193285346732175)
(719,1.3194090324324153)
(515,1.3195058802836948)
(761,1.319677700465226)
(339,1.3197313810400404)
(803,1.319932461232214)
(46,1.3200262553459312)
(941,1.3203899325466164)
(417,1.3204433139889193)
(398,1.3205081799012275)
(176,1.320519301819921)
(273,1.3205316654322736)
(408,1.3205695543756903)
(460,1.3206810771871242)
(337,1.3207746131936644)
(121,1.3214791214102442)
(962,1.3215886669584478)
(233,1.3216651281007612)
(391,1.321687128923011)
(667,1.3219498478898646)
(111,1.3224312952186916)
(390,1.322432484889188)
(309,1.322440123709186)
(102,1.322542899888468)
(822,1.3234616823625773)
(249,1.3237415125338339)
(394,1.3237924604660702)
(760,1.3239596386410486)
(163,1.3240424928840584)
(368,1.3240910294250394)
(81,1.3241245347015225)
(853,1.324132670103414)
(935,1.3244463562617315)
(625,1.3248834811764651)
(45,1.3250703605524632)
(892,1.3251313745539166)
(750,1.3252922876496616)
(73,1.3253746153973522)
(863,1.3254503913616533)
(440,1.3254807706994878)
(920,1.3260565372540503)
(210,1.3268375997621666)
(873,1.3272055739992479)
(392,1.3272246362215019)
(905,1.327317326948522)
(854,1.3274532671773858)
(354,1.3275601970541473)
(805,1.3276078044815622)
(930,1.3277624290657002)
(951,1.3279037716831716)
(887,1.3281346446643456)
(247,1.328388789395785)
(969,1.328465462212167)
(976,1.3292385836321847)
(436,1.3295961818589976)
(347,1.3298762619650233)
(671,1.3300299327859366)
(34,1.330162750295679)
(967,1.3301880979969873)
(289,1.330302256574614)
(876,1.3304896284889611)
(203,1.3305383276898584)
(72,1.33061105248458)
(764,1.3307810574808867)
(261,1.3309628905501945)
(840,1.3311972491267317)
(870,1.3312765808114677)
(331,1.331284246951424)
(27,1.3313883157502375)
(524,1.3314621945006704)
(927,1.331821096688754)
(349,1.3320355954814063)
(401,1.3320918654663754)
(213,1.3321483914951897)
(775,1.332171256299667)
(893,1.3321853243791455)
(540,1.332269028519932)
(921,1.3328313610242093)
(609,1.3329237846170163)
(160,1.3329674187670624)
(897,1.3329798829917396)
(293,1.33305680786433)
(474,1.333152566100113)
(631,1.3335077498559134)
(327,1.3336049670816268)
(153,1.3336338449636276)
(36,1.3338937888764026)
(152,1.33400885549834)
(566,1.3341845009771092)
(727,1.3342133013312418)
(254,1.3342226725421535)
(607,1.3343027027960779)
(170,1.3343222481462451)
(83,1.3344552115575952)
(346,1.3345641060941698)
(484,1.3347357687345556)
(427,1.3350041633619765)
(762,1.3351454489848429)
(499,1.3352011452558938)
(596,1.3355784118785845)
(960,1.3358431884144624)
(684,1.3359220951844155)
(763,1.3362028169522482)
(242,1.3362683843522212)
(617,1.3366551598158467)
(190,1.337019745529286)
(846,1.337043249061319)
(814,1.3372076093904293)
(255,1.3377724330645637)
(420,1.3378778963025204)
(193,1.3379006891096008)
(221,1.3379846696215993)
(698,1.3380584598507648)
(963,1.3381244430127566)
(360,1.338358909293397)
(15,1.338427940857911)
(998,1.3385246620461675)
(162,1.3386655349111245)
(787,1.338757699619673)
(705,1.3389342647728586)
(885,1.3391934224803252)
(841,1.339222403955371)
(407,1.3393479393388341)
(934,1.3393687754895678)
(238,1.3393722414883182)
(358,1.3399167990351457)
(243,1.3399502229903035)
(145,1.3399889602294623)
(512,1.3401868190289101)
(303,1.3403817232289408)
(895,1.3404319592796325)
(199,1.3405058824904428)
(399,1.3405160758055632)
(728,1.3412089463019505)
(67,1.3413921443555348)
(668,1.341404204523402)
(850,1.3416500114952765)
(829,1.342112002875218)
(574,1.342264761939814)
(47,1.3423304622859369)
(406,1.3425774166503501)
(200,1.342723854115723)
(173,1.3429770241674108)
(683,1.342986742928096)
(411,1.3431805359696214)
(740,1.3432532323418296)
(127,1.3434785824726612)
(341,1.3434905425754942)
(11,1.343627148677586)
(747,1.343653131061402)
(169,1.3440816495321934)
(374,1.3440834134301236)
(883,1.3441359362208498)
(74,1.3442605200601512)
(952,1.3442885085270193)
(115,1.3444035424230254)
(423,1.344652587681001)
(635,1.3452671656980728)
(8,1.345297446143502)
(777,1.3458054425010828)
(239,1.3459103817333982)
(424,1.3459342849087013)
(624,1.3459903340202408)
(601,1.3464197670219789)
(353,1.3464209350348288)
(234,1.3465780697589589)
(93,1.3465971213227075)
(201,1.3467433397709103)
(307,1.346903246114434)
(666,1.3476462610556093)
(281,1.3478333650823449)
(377,1.348190079377728)
(79,1.3482434149707379)
(116,1.3482592295836722)
(250,1.3484027551427935)
(639,1.348496353405707)
(851,1.3485434328291552)
(944,1.3486979576949873)
(16,1.3487445265056903)
(857,1.348982294437949)
(216,1.3490330816144476)
(911,1.3493104876947135)
(450,1.3493283849495166)
(294,1.3493631380502586)
(106,1.3494399590614534)
(135,1.3496041578947227)
(55,1.3501658726843653)
(518,1.350238327226095)
(371,1.350392030815367)
(801,1.3507711099957822)
(257,1.3507846771010048)
(682,1.3508003952882155)
(996,1.3509261450711498)
(395,1.3512377456363258)
(884,1.3517662437457025)
(317,1.351912509847811)
(509,1.3521141573141062)
(847,1.3521358668864674)
(48,1.3522907414458514)
(542,1.3523819846438676)
(689,1.352401471583113)
(947,1.3526332713011122)
(824,1.3526472922869646)
(421,1.3527879871071227)
(184,1.352822804473199)
(949,1.3529016490891992)
(35,1.3530006167750916)
(600,1.3532255364561747)
(144,1.3533441308794898)
(546,1.3534071373077414)
(914,1.353477735289784)
(277,1.3534797191537014)
(550,1.3536682128339599)
(476,1.3538735872563534)
(559,1.35393514466948)
(60,1.3543782435237803)
(918,1.354431172793327)
(449,1.3545325954684255)
(320,1.3546153114474275)
(648,1.3552012960260247)
(59,1.3552274433798663)
(940,1.3552338679841334)
(653,1.3554999843762463)
(656,1.3559037689155007)
(425,1.3559570790032862)
(965,1.3562132163773175)
(972,1.3562619478934943)
(419,1.3563388519701816)
(325,1.356493439785988)
(928,1.356523025681187)
(149,1.3567577335212055)
(37,1.3568618045389884)
(973,1.3572295063730402)
(324,1.3573248385594097)
(723,1.3574468380874158)
(994,1.3575452871954379)
(730,1.3575907751393272)
(679,1.3576819688823702)
(441,1.3577214705046954)
(999,1.3579580148789012)
(268,1.3582223360603072)
(94,1.358380653393395)
(590,1.358396704391057)
(49,1.3585324331329023)
(228,1.3588095453894762)
(506,1.3588498604960801)
(208,1.3592565113236443)
(510,1.3593662046896748)
(707,1.3597581100555485)
(470,1.360056926964107)
(681,1.360121281136606)
(704,1.3604458987186998)
(548,1.360795983482121)
(573,1.3609793863167228)
(725,1.3613638235081864)
(611,1.3616856308736214)
(467,1.3616925906908897)
(246,1.361760038391152)
(119,1.3624529328066304)
(207,1.3625771392544923)
(577,1.362927373873943)
(108,1.362958098202825)
(285,1.3634193784165942)
(621,1.3635716138992067)
(794,1.3637015188880677)
(97,1.3639113313423514)
(415,1.3640192689155712)
(276,1.3641084556779666)
(807,1.3642997675097481)
(350,1.3644551271200123)
(804,1.3648118075553084)
(519,1.3651408828359846)
(352,1.365349305119062)
(634,1.3654336274238768)
(226,1.3660670067406149)
(444,1.3660687795544812)
(808,1.366136297887952)
(676,1.3663379276378245)
(431,1.3663446975126572)
(260,1.3669970089286028)
(844,1.3672292627208413)
(899,1.3675352863442711)
(290,1.3675450178878457)
(977,1.3681650412491884)
(258,1.3682765374218515)
(623,1.3683127612506616)
(248,1.3686577707891636)
(92,1.3687273696923365)
(751,1.3689386375516173)
(757,1.3689971967922943)
(754,1.369038505930347)
(256,1.369100001300601)
(866,1.369752089755762)
(343,1.3698775066648672)
(904,1.3700747923360237)
(224,1.3702020285215166)
(218,1.3705185906764767)
(599,1.3705289653448174)
(987,1.3705464339255147)
(936,1.3707261410709544)
(823,1.3713907603282909)
(393,1.3719982080908184)
(557,1.3722238003134855)
(713,1.3723517393052886)
(531,1.373211229329483)
(533,1.3733954006485223)
(637,1.3735680401305785)
(88,1.3737768559985206)
(545,1.3737881747056029)
(661,1.3740638649523775)
(262,1.3746212472644865)
(919,1.374677031549867)
(984,1.3747868171622384)
(552,1.3752511569036987)
(439,1.3757588665897829)
(403,1.3758847914972114)
(412,1.3759457737205993)
(384,1.3762296275871069)
(405,1.3766692711322503)
(743,1.3768138203730798)
(672,1.3770406419478338)
(508,1.3778699128291536)
(549,1.3780000507755141)
(737,1.3783819640875667)
(770,1.378404020293128)
(521,1.3789375087436173)
(554,1.3794743575469677)
(709,1.3795234327640975)
(908,1.3795858059449588)
(612,1.380148629396156)
(702,1.3802544092404874)
(901,1.3803101563735711)
(114,1.3806515650819877)
(735,1.3808299827013972)
(437,1.3808384635459916)
(151,1.381007432682999)
(758,1.3810306571154436)
(177,1.3813261358502655)
(140,1.3815830920779915)
(58,1.3818086208263418)
(503,1.3822509485867354)
(690,1.383584502006134)
(219,1.3842447732458127)
(186,1.3843472994024146)
(469,1.384612363644636)
(860,1.3849921336234072)
(848,1.3850140679202723)
(454,1.3855111515928407)
(326,1.3859228063331768)
(591,1.3860776035410607)
(733,1.3861676461656143)
(852,1.3868595796206593)
(782,1.388001832374532)
(487,1.3886745332508388)
(532,1.3890755115311453)
(117,1.3891110853665314)
(647,1.3893548450177438)
(265,1.3894835168774118)
(783,1.3897273838012696)
(433,1.3903750261167827)
(202,1.3904173275183072)
(292,1.3915082790425486)
(729,1.3915510387676233)
(626,1.3922440478766553)
(971,1.3922852052361834)
(756,1.3929014251940985)
(137,1.3935363807894385)
(932,1.3938507912579612)
(196,1.3945052711694268)
(882,1.3945169324073077)
(95,1.3945937022244514)
(328,1.3946770080202484)
(734,1.3955972751721673)
(978,1.3959256502770474)
(204,1.3964693686412095)
(910,1.397502326118213)
(453,1.3975054625801322)
(180,1.3975925814413617)
(263,1.3986114185164944)
(161,1.399021337427802)
(482,1.3993150335762885)
(718,1.4005764110244763)
(416,1.4027068063988504)
(378,1.402769563106545)
(267,1.4035003927604666)
(953,1.4039861929761126)
(835,1.405264712909933)
(245,1.405586753465353)
(903,1.4058538900417341)
(842,1.407143969846409)
(880,1.4076030957247632)
(673,1.407888219729376)
(179,1.4079849531355224)
(570,1.4085497680716292)
(765,1.4099913225942595)
(89,1.411578597883298)
(560,1.4129856403604226)
(62,1.413721927979587)
(755,1.4139888736917907)
(402,1.4154621403851868)
(867,1.4159903203975226)
(367,1.4162309503212231)
(746,1.416336795782353)
(954,1.4164529199986013)
(894,1.4173896487701358)
(235,1.4177367626403785)
(869,1.4220559671755975)
(986,1.4225084198425249)
(225,1.4225570292485172)
(632,1.4231869070728165)
(507,1.4246388620416515)
(939,1.4251694965593784)
(10,1.4282000941850443)
(628,1.4295843854961294)
(365,1.4298517599582012)
(819,1.4307378777056399)
(964,1.4314175346288764)
(84,1.43178582267669)
(278,1.432883891081929)
(456,1.4338741922380807)
(530,1.4369414054938419)
(39,1.4373094303274312)
(543,1.4397750685379473)
(583,1.443339399707404)
(710,1.444302802515586)
(314,1.4498269105397568)
(633,1.4498616333375232)
(104,1.4508469020944341)
(336,1.450854159710199)
(288,1.4554703647170855)
(736,1.4628719119947373)
(874,1.4721025775374745)
(886,1.475985788463499)
(662,1.486435358136048)
(451,1.4877129147633938)
(14,1.494728947416296)
(744,1.4964161330064027)
(372,1.4966631142946467)
(551,1.4968622381241143)
(298,1.4970084508598056)
(771,1.5270439910373157)
(123,1.5281244432983554)
(382,1.5473271602911756)
(849,1.6440192637839557)
(373,1.6850797902694343)
(714,1.899446760322836)
